7
4
4
6
7
8
7
10
10
6
5
7
8
7
8
8
9
7
8
3
5
6
7
5
6
9
8
7
6
7
8
8
8
8
7
7
12
13
10
7
8
6
7
9
7
7
7
14
15
17
15
11
13
13
15
15
13
13
13
16
18
12
11
11
18
15
12
11
11
9
11
16
12
11
18
16
18
14
17
14
15
13
11
10
11
11
9
9
15
16
18
14
12
14
17
14
9
11
11
9
15
15
14
13
10
10
15
12
7
7
12
9
9
9
7
8
8
7
9
8
7
6
6
6
7
7
7
6
4
6
5
5
6
7
7
5
4
3
3
7
8
9
8
7
5
6
10
7
7
8
3
9
7
7
13
11
9
8
9
8
10
16
15
16
12
12
15
11
7
11
8
10
18
12
7
9
11
11
13
11
11
13
10
8
7
9
12
3
15
15
11
11
11
9
7
14
7
13
2
7
6
10
7
6
7
6
5
7
8
9
8
5
4
3
5
9
7
7
7
7
8
5
4
6
8
8
5
7
9
10
8
11
5
4
3
1
5
5
1
5
5
8
11
6
5
9
10
10
17
11
11
12
11
13
13
6
18
17
5
8
8
5
7
14
12
12
26
8
9
11
13
11
11
11
9
15
6
5
4
4
10
5
11
11
12
9
9
11
7
10
8
8
3
8
12
11
8
3
8
6
4
4
6
7
13
7
6
4
5
8
7
8
8
8
8
9
8
9
8
8
7
9
9
6
6
6
6
8
6
2
4
4
3
5
4
6
7
6
5
6
4
3
5
1
13
15
9
11
11
11
6
6
12
14
8
8
8
6
9
7
7
11
10
7
6
2
9
11
13
15
13
9
12
8
8
5
8
11
7
7
9
7
9
7
5
9
9
9
9
9
8
7
7
13
11
9
11
14
6
6
8
8
8
6
5
5
7
4
5
3
2
4
8
5
5
6
4
2
6
7
8
7
7
8
11
10
3
2
5
6
6
6
5
4
7
6
5
3
4
5
6
9
7
7
4
10
8
9
5
8
9
7
12
11
13
6
9
9
11
11
3
3
5
5
7
13
11
7
11
9
5
11
11
3
5
5
5
13
13
10
5
5
3
7
5
9
5
10
10
7
2
5
5
6
7
7
8
7
3
5
5
6
6
7
5
2
3
4
9
7
7
2
2
2
2
4
3
5
10
4
3
4
3
4
4
5
4
5
6
5
4
5
7
6
6
7
2
5
9
1
8
8
8
8
8
12
7
7
8
6
13
12
10
8
5
8
17
17
13
14
12
15
6
6
6
7
5
7
5
7
11
7
8
8
10
10
9
3
7
12
12
22
22
16
12
6
7
7
8
8
7
7
7
12
10
8
10
7
13
4
4
4
6
5
5
2
7
7
8
3
2
3
5
14
18
18
17
16
16
18
12
5
5
7
8
8
7
5
5
5
6
4
5
5
5
6
4
8
5
7
4
6
14
13
10
15
17
15
9
5
3
1
3
3
5
7
9
13
15
11
6
7
7
5
5
8
9
1
1
7
9
9
14
12
14
7
9
7
9
5
3
3
12
9
6
3
3
3
8
5
11
11
7
7
3
1
7
6
8
18
13
11
3
8
2
6
6
6
5
3
2
4
3
3
3
4
6
2
4
2
6
7
4
4
5
5
1
2
7
4
3
4
1
2
6
6
9
7
5
5
5
6
4
4
3
3
2
2
6
3
7
11
13
15
11
5
6
9
7
16
12
8
7
9
7
8
7
9
1
15
18
10
7
13
5
8
8
14
8
7
2
5
6
6
6
5
13
15
13
13
7
3
13
14
17
13
11
7
9
5
5
5
4
4
3
11
9
10
3
5
6
5
3
5
6
3
2
7
10
4
2
3
3
2
2
2
4
7
2
3
5
3
1
4
4
6
6
6
5
5
4
7
6
6
7
6
6
7
4
4
4
7
1
7
1
1
1
3
3
5
5
5
7
11
16
16
5
5
5
3
3
1
4
3
5
3
4
7
10
5
5
5
7
9
5
12
5
8
8
9
11
12
18
9
7
7
3
6
3
5
3
3
9
13
3
11
11
18
10
1
1
1
3
4
4
1
1
5
5
5
1
4
7
4
4
4
4
3
5
6
2
5
5
2
4
7
6
5
13
12
3
3
4
4
6
6
1
2
4
4
4
6
4
11
13
11
3
1
5
3
5
1
1
7
11
5
9
5
3
2
11
11
3
8
6
7
9
1
3
5
8
9
3
5
9
9
10
16
3
4
6
2
1
2
6
6
6
7
8
6
