56444
42508
38378
45349
58209
47971
36480
47495
37280
48441
47347
48556
50450
48767
49566
39206
46093
45867
53407
45958
41689
41613
48240
48695
43657
46366
46233
58023
41902
41894
45914
44288
51955
47623
43758
46211
47751
38706
54224
42857
50903
43026
47459
49769
52975
38032
50989
38357
43793
47788
46599
47321
49056
36296
45575
45383
41127
46061
39794
43884
44818
50931
35750
44043
45719
42221
54898
48715
53090
52552
47479
44292
52935
46393
42674
45478
49667
39802
49786
49070
46563
52231
46742
44158
44042
52969
48400
50916
51412
46854
45299
46528
51573
49306
47636
58785
42899
50323
39347
44405
43939
53995
52953
53826
49109
51982
44444
42713
54626
50594
42617
57340
47746
41382
51847
46623
44034
45226
40835
44414
43576
50273
43297
55330
41863
49900
54813
48863
47276
39566
43895
48074
54713
45650
48292
46026
39052
41440
45864
46581
50601
48456
52079
48234
53517
48629
45456
43785
51430
42847
48567
40878
50256
57445
41055
46916
48003
41252
47052
41471
48536
48118
42787
44101
53418
48086
48668
51685
54883
49663
36675
46851
45394
45788
50294
40844
48267
47160
51190
51628
60062
46547
45309
52447
46981
47892
52119
49225
54984
49301
46211
50741
45328
42765
50477
50401
44275
53807
38095
51393
45813
42165
46992
43792
45072
43341
54834
49376
41444
47114
50690
45233
46306
48839
41461
50114
39415
38884
47069
50029
52374
43513
45466
41813
51820
52884
54871
49529
51814
46483
43971
43007
46549
50772
47019
48290
46525
55601
45878
44972
43309
45485
40314
44010
45996
53406
48229
44713
51439
49588
41334
50372
47071
57182
49761
38455
47998
44057
42747
51497
42885
48254
43209
42826
45133
39366
48167
45982
51439
43466
47536
52437
59485
43967
47799
44988
43102
52358
48054
42749
39823
44848
48430
44204
47145
54627
50821
41386
43612
49992
52426
45536
48268
47160
48254
48098
43823
39993
45918
43388
46336
40825
45988
40396
47514
44466
52374
54727
50697
55627
48748
46040
42066
50094
48824
59495
41922
43104
47152
49911
56058
53715
61819
53639
50627
46594
50186
45870
48643
52704
47079
46382
42515
57415
43518
42749
48446
49434
48911
55564
49322
49015
48074
49327
48464
46781
43138
52705
56351
50543
50603
42340
48004
57219
58855
57130
46638
59684
51186
46024
47748
44145
57395
47383
49001
50321
47266
36169
50895
45030
45100
51663
52651
39005
54221
53584
48305
39001
46850
46262
44759
40083
48419
45664
47534
38459
50074
48000
41520
46109
48841
49854
46411
37275
50831
53863
46598
48761
42465
54345
42921
46785
56097
45091
51297
49180
40853
52010
43402
50475
39469
45007
46175
48364
45968
43893
46997
50291
50079
40150
41759
42209
50345
55062
50692
45818
50974
51457
53774
47609
44216
47028
46920
42389
47621
54821
47597
51637
42990
44021
43709
46273
47201
43249
58552
47448
46373
52843
47945
38201
51866
42663
49883
47149
48409
49663
39936
47663
43143
43601
48528
41307
43879
45952
49561
37724
45799
49699
42846
45822
39811
47257
49590
45850
48592
50922
51740
47561
48582
50570
47844
49998
57019
53174
45283
55970
48170
54278
51663
49455
46435
43098
54034
49596
48789
43732
53197
49652
43544
44796
45516
48217
44436
46933
50308
51009
42936
54638
47174
53652
56108
44567
52638
46508
32580
48484
45212
50161
43560
36051
51799
49811
44597
40926
41024
50799
46881
46265
52731
44475
53385
47347
51284
44736
45293
44816
47809
43125
49176
48565
52372
43688
56118
47516
48764
53136
52779
50497
45123
45733
43795
50745
53759
42273
47672
42876
54648
39185
48561
46149
50739
55727
51332
42317
41723
49622
37532
46846
45484
45172
46731
47373
39686
46115
48470
41690
48853
48702
48608
50372
49014
46136
45666
49075
48757
49635
51200
47823
42372
44555
42701
47317
48943
49895
51594
49057
42912
51813
47929
54092
45426
55571
48530
42345
45982
50449
52855
48818
48381
45985
51476
43768
43490
44886
54120
46954
42344
50348
41361
51570
40706
46385
43472
45555
46757
41742
51589
40875
46929
48122
45959
39895
45971
50266
39432
51488
47582
52035
55059
43934
44577
42802
40305
52412
44891
55936
45300
43037
49048
44098
41504
51322
52788
50073
46481
47331
51270
53306
47878
46806
45005
38471
50647
47165
51528
51638
46771
45396
44903
46852
46321
53326
48234
53759
45031
46561
51611
46537
49666
49294
50288
48990
43230
48320
45293
53283
40850
42847
43103
53675
50390
52096
51014
40975
40742
49375
51491
53395
51994
41187
49076
35347
48524
42332
46350
46452
46621
44610
47969
45962
46446
42381
43357
52683
47556
38155
47792
39392
44356
51340
48515
39144
46962
55045
39100
50699
44168
49352
52443
45424
46092
46837
49422
44083
46554
44082
39088
54908
49442
36750
52011
48812
46907
48133
52419
48988
57681
49014
42336
50265
50203
50751
52694
49707
49521
44344
44469
54162
40597
56700
48746
50961
54485
46270
40725
37965
45134
47611
53619
44558
38842
46171
46151
49998
44278
44921
47972
43629
47529
49655
39836
49660
43829
43401
52184
39975
54193
42036
43687
55309
50459
43004
49608
44039
36626
49278
54450
41152
50831
46213
47311
49548
41482
40994
43699
38886
46556
53818
44951
49540
40133
44539
42688
45262
44616
54932
39952
43436
44278
53288
43237
35843
51570
37222
49829
38965
45712
41980
46629
40044
49487
51402
47126
53236
35538
39801
48691
54544
48893
39778
40346
46218
46394
46057
47311
50082
42860
40142
45114
49219
42850
51672
46410
42777
46628
41266
47695
47380
47252
48745
40628
49190
45697
46331
50711
41660
45360
48757
45017
46384
45021
54527
44498
46622
52724
53754
58517
44786
48724
49796
51996
47813
54201
50462
41255
51186
52078
42936
45966
53022
43052
46361
45658
53310
47629
55043
43290
51748
49592
43420
54808
41993
39436
50963
53288
42552
39683
49686
39750
43481
48815
52355
46532
42083
47709
49454
46007
41025
49838
48898
49563
42405
50648
47364
45606
57929
44300
44932
51832
46500
48699
49660
43983
45656
55741
47362
50396
40803
52500
51621
39620
47231
47923
37441
44960
46996
51415
53081
41087
46324
45185
43177
47539
48624
51079
40847
39478
46007
50897
46552
45347
42137
46543
47059
46510
44373
49307
34412
47327
41336
50851
39594
40026
46016
44477
46488
42385
41910
40247
46341
45481
44226
47153
49508
49677
44245
51883
48884
47961
50754
47458
47985
46660
53540
46563
42060
50911
54280
44651
43354
39345
45747
44571
47382
47665
44948
56080
41699
52799
42271
52037
50425
51807
41832
51528
49473
45994
44646
53076
30110
48316
55638
43174
51138
58646
46352
48396
42606
51658
41097
55572
51878
45987
50981
45281
44160
48582
47918
53626
54514
43651
48484
54510
38486
43054
47864
45729
44306
51647
48066
53102
47841
50680
47572
40729
40272
48573
51229
47984
43908
48241
50298
47468
51574
51400
48497
48662
59117
43838
47320
56263
46709
44181
48719
44215
46129
42349
53334
46890
50300
46380
48198
48651
43509
50027
39098
43608
55018
51690
55219
48901
44161
53553
51001
37289
48662
47150
50772
39796
49389
52348
47081
51782
42006
50878
50561
41779
44476
52380
48086
46459
31682
36206
52280
34815
48791
45836
52381
45386
50445
43526
46827
45391
45003
46576
47798
48303
46627
43938
47224
44616
45670
55543
43088
41607
45369
46128
51965
60307
45674
51219
49381
54253
47109
47529
46113
47989
42390
45962
50234
46719
49348
48132
44600
39275
51645
50089
44693
45064
46777
41063
54324
47392
50217
45097
45465
53267
45953
47843
44838
45620
45355
44775
46605
46747
49052
59088
46351
45149
40514
51554
50498
38852
40782
55174
47797
51077
45935
51020
44564
52480
45561
50043
40915
37939
52022
45699
47125
47403
52437
54053
48886
40316
36724
43246
44421
49885
46431
40796
48202
49133
49566
54595
46498
53524
48169
50241
46037
48492
51754
51146
49441
47195
50324
53470
60936
41438
44965
45189
49650
47279
47465
50705
39195
47363
49062
38670
43419
54802
40593
46191
44635
52780
48478
50265
46756
47170
54850
53473
51430
45237
49312
44612
40138
44861
51441
47454
44102
45935
54801
41320
53961
51122
48527
39608
50232
49707
47701
40310
47537
42684
51322
46751
46068
56448
47941
44286
45228
44424
42270
51225
52779
42414
44835
43383
51443
49377
45177
48492
51674
55031
44227
53230
48650
56527
47982
50477
47466
45754
53500
43181
39739
47005
53739
52959
46773
43911
53825
46933
58421
49756
43660
42501
39637
46842
49980
42676
48837
49126
40744
45462
40794
45281
45708
42007
36146
46747
47599
46019
40685
41987
53745
48549
52146
50636
51017
46396
47843
51318
37811
43400
50037
46787
48253
51836
46712
45986
42175
42176
51077
54792
41140
45020
46727
39590
51154
43822
46551
47983
43801
34246
51453
43772
46416
51574
42178
48864
35672
47725
53972
49486
49726
49390
48230
53531
50346
44658
53990
52025
55827
42518
44858
48374
50643
43519
43095
42151
44471
40680
43171
42742
43984
48812
48301
49787
44752
47105
53525
52209
41594
46544
44152
49597
42494
33800
43280
46416
51293
51290
40119
46364
46888
40307
37962
52589
43412
54950
53133
43737
36314
50890
41405
54780
45361
46446
44625
47558
46529
44352
51532
47722
41886
47868
42544
43483
55782
45007
46238
42172
48028
46831
50274
46858
41477
42140
46409
43924
45812
45772
47107
46793
53848
49050
44186
43367
46690
45418
47705
48344
39833
42201
47885
43356
47977
42421
52500
49172
52654
49718
46012
54661
51177
51115
45557
44576
47449
46581
47246
51526
47811
48637
42061
45363
49495
48130
52583
53355
44051
43173
50118
53713
47351
47917
48543
51857
44577
49667
48446
44883
50141
39843
41173
54598
41710
56460
50379
46277
53112
51352
49141
49048
42124
47353
44272
45849
47863
53552
45455
43876
46431
55655
43615
49743
40627
50962
45132
50557
51054
50061
48410
46605
48161
45316
44099
47418
45719
42652
41061
51661
46414
48741
48907
46599
42814
49832
35298
51839
48851
40223
56262
52621
52221
40946
43412
50827
41275
46605
39171
52400
41367
43914
51031
42893
48908
36990
43790
46813
50094
53420
41589
44568
42064
38260
45228
53186
44587
46442
52080
54859
56760
37190
43796
43547
44894
47553
44471
54626
48958
56536
43726
42772
42503
40331
48543
47320
51586
54301
47483
52207
55285
47158
49455
49633
52479
45817
48909
38144
48868
48698
50096
53237
47573
49145
50095
55016
51470
46149
53012
42434
47369
40787
51456
50082
37282
44362
51205
50566
47659
50496
46965
42926
35777
47337
36863
48432
46579
54435
46280
42811
49222
34506
47787
43546
50245
47107
46239
55028
44605
54386
52528
48677
47330
50720
41905
55710
55327
48978
58077
46347
52053
43698
50503
41910
42679
50785
45252
48522
56863
47311
45489
46297
48479
51136
40076
51213
44191
39764
48316
46590
45878
43823
40770
41513
48904
44369
41121
46136
47311
45762
46116
46319
39952
43036
52929
45244
47183
44994
52336
42243
49385
50208
39906
45544
45956
44691
46794
50243
37155
41688
45534
43494
54999
50723
43315
44162
49564
56352
54143
43189
52874
51498
53449
44316
41923
44167
35794
46040
39126
44714
45210
45705
41658
45347
43531
50760
45842
45810
43899
48271
42098
54097
52292
43250
45498
39202
48553
49411
43029
50136
39401
44677
50218
47707
49857
39145
50300
50564
51210
40507
33279
47943
51169
45373
50714
48460
43396
46327
42119
41715
55464
48193
38709
44255
44982
49671
41787
38892
43991
55140
45255
50604
40415
41806
50949
52554
46330
55618
43678
42591
44474
50337
44403
45082
38797
45646
51420
38733
47801
43996
48840
46862
46756
39781
36306
47319
42668
50457
49484
45568
51008
42820
50389
42484
43965
46697
44068
53711
42990
43051
44248
46946
46824
49944
48778
41590
44478
51875
45253
40390
47675
43655
42217
39373
40225
45508
50097
50195
35249
53483
49110
53894
54917
56430
51675
50730
41511
48945
44460
47391
48697
53315
56057
53914
50227
45311
62448
49004
49653
49752
55636
47469
47529
43775
47461
48941
37277
46019
42342
53889
47361
55005
45744
53868
48288
43359
50134
42951
48472
49341
37320
39371
44941
49626
45094
49541
46689
52915
44134
55736
50952
48248
44622
51446
46304
45513
49251
39727
50127
49374
47515
47951
45120
48983
37618
43254
48636
53946
46793
45840
53770
50097
46746
44701
47444
46878
43493
40194
40884
35530
49834
51776
48270
35212
47696
45086
49918
53118
52965
52219
51925
42343
41171
47331
43287
49731
48554
47351
39426
44417
50997
40641
44092
47980
48456
41930
39705
42784
49487
45172
47805
46492
46721
44530
39529
41540
49134
51125
43109
47892
54656
41242
41195
51335
43890
48644
52511
45559
48039
50781
46241
39553
45205
50019
49753
38904
50906
47330
44026
46785
53119
51427
37465
54923
44955
53821
42140
47010
55781
39307
36557
44905
51989
45110
48587
47431
48885
43595
41062
40962
45093
44540
38601
50712
42426
45676
50600
54406
43314
59674
43137
39665
49824
51903
47081
38559
39186
44849
50096
49939
42430
46903
52967
41680
47293
47215
41562
39019
40329
44152
47943
43933
54925
45181
54401
49175
52386
46318
56158
42342
40199
44263
50758
48914
42546
44051
42373
50068
45079
44679
47429
51708
54173
47575
56986
39262
40756
50828
41423
54081
50022
47209
45066
43242
52226
50834
43687
45652
59275
55969
51328
48631
50109
52286
53664
58819
55001
45943
46828
38187
44332
52723
45723
49325
45972
51899
50858
48400
43375
48539
49170
47845
54303
45967
54049
48563
52046
47369
48697
37744
46534
52124
43213
48061
45545
47012
53380
54919
50192
50667
42047
38596
41921
47971
48501
40867
48552
46596
44883
49271
41336
40829
54591
44979
46980
45745
55535
49389
54371
51191
41490
45110
44904
43279
50279
46252
57115
35415
51275
46873
47057
50308
42100
52860
45786
44557
45118
50301
45383
50672
46753
50864
55304
46281
49399
38334
47736
51953
49649
41384
46846
38282
39611
52373
54085
44293
50532
55397
48206
54470
54667
50300
49770
44761
52315
41397
46065
45463
57981
50498
44358
47502
43014
48698
45625
52042
50489
49104
48731
52017
45047
43874
48420
50958
43236
48533
65658
37584
41719
46160
53753
50669
49022
51027
45208
50014
44075
49261
46880
46390
39468
51454
48000
46567
56083
49258
58155
47992
55446
44730
41745
47608
48857
46822
45552
43115
47217
47720
44371
46671
54188
42075
40572
40947
50503
49855
46515
49038
43990
35960
45901
52313
47798
46349
43972
48826
50601
51495
49490
43834
43788
54859
50062
48411
51263
54336
43848
46666
44295
40631
57128
53423
45332
49590
42530
53155
47795
45423
43490
45033
51755
45507
54188
45662
46058
39908
49512
46606
47409
45749
42855
39722
50673
51414
49083
46236
46865
53033
41958
41401
60080
46474
38239
49549
42467
46692
52921
44604
47098
58902
49841
37824
49643
51079
52598
43368
51482
45258
51436
44702
49141
59589
40596
45225
36037
43485
36821
43440
44939
49767
41274
44942
39970
46284
43397
47043
43431
40916
42374
43128
46082
44943
51114
43945
49285
56857
47338
47950
48717
51224
41659
50452
45770
52448
44832
42619
50741
47097
53272
40403
47615
44999
39637
44745
43551
52065
46820
36275
48805
44857
47742
47230
43137
51756
47905
52421
49618
47041
43634
48493
50512
44854
51355
46035
45749
44437
44416
38191
48239
50373
49583
49083
60655
48372
38831
45722
47737
49582
50626
46016
46193
45180
47396
50879
45450
54929
45028
47229
43910
47653
39278
57119
38277
47978
39592
44763
48766
51196
41909
42896
55675
47993
42154
47413
46034
52356
45182
49999
48647
58640
44963
48300
35457
41205
38475
49498
48603
39325
44939
37453
42790
38117
53971
44724
50327
51622
43455
46955
49424
47379
54154
47239
54519
50695
39751
53428
44889
51361
57568
43219
47382
45233
47912
48965
39706
48257
44373
40393
47065
52833
47354
47332
48641
47404
44968
44918
49390
39944
42790
47419
45778
44956
43803
50346
42944
53187
39998
58527
39655
39555
35028
47304
43614
48857
41638
46845
36568
42186
47517
48343
44516
43841
52234
52182
48636
41625
49684
47137
50235
42391
46504
43046
53042
38179
47059
46277
50027
49199
46110
54301
43246
49027
36080
43755
45788
48884
37657
46934
44809
48067
51585
52034
51923
44796
53488
44006
50087
51125
41946
51512
45941
39364
45114
48663
47321
48735
47716
44732
55489
42501
40331
42345
43010
47682
56164
46806
47981
45855
44995
48057
47589
39702
47834
49537
48886
46333
49821
42097
51117
52011
48677
47044
42947
47147
51382
40697
49870
43974
45310
46587
50621
52856
38312
48112
50936
38193
48124
45175
51310
49200
44095
46177
40538
49375
48786
50644
40198
43382
49996
55072
54235
49179
37993
40495
42300
50337
49944
51691
53426
45519
47161
48145
37333
50865
48721
48107
49832
47413
44945
45067
47181
48886
36997
44289
44316
50040
51433
48710
49566
46681
47949
44930
43856
47427
32348
56426
48812
45748
56893
44953
52619
51101
47582
45573
46654
49258
49733
46677
46368
47958
56141
45671
49412
40746
41633
41007
56805
48640
46109
43887
46648
44872
41331
57135
51773
48021
47723
47861
38191
47498
48295
44094
42863
51198
50958
40421
49572
46961
54680
42346
45970
54319
38689
49827
48395
39462
48267
44266
52130
45590
49142
46494
45206
47153
58635
41004
52412
43884
45159
47715
49743
41712
51969
46646
46888
52722
49904
52080
45305
48176
36042
49786
40591
46854
44944
57123
45989
46863
41000
44569
42574
45211
42685
45133
49791
43687
38634
55403
52736
49301
44204
51291
44741
43018
49780
48120
40852
50059
41972
40149
48396
40171
50565
48346
50554
48069
44304
31762
45667
50265
44768
45168
39585
50332
38976
48574
53114
49278
41649
48389
44848
46414
40874
48230
37870
48340
36145
43904
34219
50588
39859
48920
49531
57026
49387
49219
53206
44169
42948
48853
49537
46916
41004
46220
41886
52193
45719
45498
44606
47173
45562
47151
47111
44723
53409
35707
45305
51798
46582
43977
51690
50487
47029
42089
37104
46823
47878
47910
43745
50679
42427
55324
50947
54803
47681
51788
49609
44747
46481
41575
44249
37485
49017
42512
35563
47275
48205
48003
46873
52959
49634
56012
45468
49014
39496
45276
48717
54913
53636
46550
50403
46120
59322
49389
40261
45277
45923
54034
47980
41233
47071
49784
48315
50428
42449
51520
43991
53395
53230
48717
44480
48660
33557
48408
50639
54638
48329
52661
42893
41710
52211
41183
49818
42350
48410
41680
55234
46596
53784
45871
47467
45786
49872
47795
56463
46488
43663
46376
47580
47595
53514
45671
50948
45171
50027
41362
45779
51104
48289
46606
53844
50221
43660
50678
48686
38016
48209
48513
46983
46677
47652
42903
43110
49883
51933
48791
46077
42969
48624
41458
56882
38761
43117
51957
52333
37169
49345
50491
48556
49689
53991
45166
49497
47794
45444
41086
51978
44382
49881
49775
45497
48794
41607
47001
52542
38949
51513
48303
45494
43513
45805
46365
49168
43729
46863
49032
51172
47312
43343
51931
45068
42466
48484
54301
53453
45754
44041
45472
54561
52853
61285
47977
46582
47279
46181
44232
38781
54051
45646
40784
54679
49473
46022
42239
43037
56179
39250
47484
46717
49497
65028
52489
45715
54938
47039
52538
43079
37576
38126
43425
42663
48919
40671
36107
45780
43563
41177
52350
46252
45365
41799
49136
42355
45313
43697
41923
45435
47225
44347
48066
44302
42603
45300
49524
45263
47462
51423
52969
44208
47999
38286
40657
52471
38538
49800
46948
43777
45374
46362
55968
44650
39612
46583
43193
47590
49150
48048
44168
42823
45655
49868
52717
42586
45917
49473
45214
44808
51095
44202
56639
53642
46798
55539
54500
40047
40533
46635
52514
46756
46804
48060
56730
39722
37504
58076
37385
51849
45386
37582
46580
40793
51815
43948
48690
52362
49507
48622
39109
43040
38331
49699
48945
49753
42579
49784
42632
43156
44165
52990
43161
46920
49525
50299
49731
48755
45284
52046
51805
44654
40302
52857
46259
41831
52288
40136
37883
39138
44765
40322
40311
53385
46180
42408
52571
46957
51413
44518
41223
45576
51918
52441
46656
52075
42091
41389
47695
48011
42433
42611
50471
39140
45696
37455
38009
42077
45363
40615
45865
47167
46764
38544
45063
52250
50458
43788
50854
47953
46785
48104
52842
56135
44011
46224
45288
47931
44274
44093
44492
49987
46165
42836
50166
44013
41955
52548
47686
39222
48801
51269
45733
52992
48169
46142
52099
42940
50691
44177
44159
49450
44389
50411
42021
51773
45740
49271
46699
50461
50414
44699
41364
44973
37015
52976
50013
50397
50500
49713
53672
47425
46630
47492
48476
48633
51473
49048
56452
48672
50581
54728
41098
46187
47486
43110
47488
47791
42155
40867
52553
50900
41593
53877
38918
45596
50321
53283
47447
44461
53466
44390
50748
46577
49309
43393
48532
48398
48347
52950
45615
55078
50896
46196
56232
41692
44576
50244
52218
46673
48911
49909
42590
47594
37394
45704
51906
40195
45013
44254
50369
53728
50860
46553
50991
47096
52372
53053
54256
47216
53908
49400
48052
49689
43358
41274
43214
50311
42379
49293
49890
49499
49489
51226
41754
36892
45943
54812
49521
46198
52050
46439
42155
50926
45888
45060
48837
48126
45729
46656
48977
46757
42093
51690
48217
45765
53888
45349
57052
51504
51217
51992
47760
45694
47577
55676
44694
40709
45942
44851
54060
44414
45213
42780
54692
46761
46378
50764
52467
49279
41495
36371
42257
45256
41795
39940
57519
42230
38287
45742
50024
52983
47767
47262
43528
45088
51193
47426
42741
51398
41937
40730
41942
58432
45897
46538
46827
46103
43186
42476
43126
42750
52680
47501
48345
48837
48049
55952
46306
39586
53303
43153
48187
44360
41690
43197
45894
45792
40582
39977
41121
43258
34476
48111
50288
51714
46003
54941
39068
45262
47087
45467
41638
45181
47611
54525
44560
47086
44770
49065
53724
43654
50461
46263
52404
55929
40020
39877
36332
36437
40800
46925
54158
42323
41242
45378
40182
46268
46906
53461
46876
43349
44505
42346
46780
49628
41057
44490
45968
46367
50127
43241
52018
47297
41939
41025
55663
50017
50248
48925
48706
56291
37880
51719
48401
50266
48729
42980
48132
52585
52606
49534
52048
45206
48205
44585
46383
45376
48269
46211
43211
49011
46702
42592
47431
48047
45184
43897
54241
46659
51307
49769
55397
55960
50879
54147
54840
38705
47728
46780
46134
58809
45138
52736
44442
45602
45170
48384
47514
47302
48819
49271
53799
50247
43337
42192
43106
50240
44590
53459
51659
37043
39836
52290
51424
44608
52851
49590
46157
50237
51863
48524
40727
44842
54534
41571
35785
47421
42493
43021
46710
42679
38438
51057
35417
52416
48445
41133
47138
46523
51081
40325
50367
48032
47036
45677
47824
53948
46862
44600
42576
55983
37717
41519
42546
48016
48851
46660
35242
49022
42830
49861
37423
50986
49965
50386
45719
52945
42973
48041
48012
40181
42061
45215
53897
52614
51625
44646
39907
48664
51016
52613
51010
43539
47373
41810
30738
42774
42971
58422
49615
52907
52127
44755
47764
47118
38613
51553
46764
47650
46496
50309
50032
34031
43762
36775
54787
47892
38415
54969
41388
46307
52033
41506
47009
41356
44732
41205
45125
44744
46018
45546
46039
47309
51666
50793
51265
47058
41732
45921
42933
41466
40917
44884
47342
51322
43224
48874
51312
51580
51600
46640
40579
47293
45330
42614
42145
48293
51469
42940
47666
47624
57873
49148
41696
46716
47676
46830
42826
48512
43736
52002
54813
40271
50940
44492
50786
52313
40608
48276
44859
40145
49326
41953
39615
40018
31720
51206
45680
55012
53658
50334
42255
56429
37537
42989
55158
46641
50328
53824
37255
39492
49472
48087
53158
44986
51350
40689
42181
40414
51057
52494
52090
35870
48976
47836
51230
53643
53361
61721
47739
45325
42600
48693
47321
37850
43133
50737
41444
49048
52485
43571
50214
54167
44391
44889
53334
47205
47397
48453
45465
45545
44464
53070
44940
48684
53164
37122
47011
46456
55593
38920
45279
47865
50013
46922
42653
47946
42188
43377
51986
46290
43555
45515
49890
46772
49212
47873
48289
43135
47309
54265
49258
44613
50108
52615
42510
43206
51145
47515
56939
48372
50531
50642
38065
53872
47390
44423
48522
48101
48744
49289
45555
47830
49289
45215
53693
51707
33182
51762
45477
44960
45389
47559
41549
45161
55937
38585
48493
54064
50079
48741
51024
51279
55527
48014
41938
51656
47124
45343
50921
47706
46335
37096
46069
41734
51984
48900
43904
43436
50410
44934
49207
43121
50021
48476
35388
45964
47798
46988
49058
56154
43646
54208
49804
57949
47951
49263
45745
47854
50313
42157
50505
44622
49668
52762
46505
49484
39325
47549
41528
48243
45282
47541
47560
47570
50456
49783
48625
49664
43002
51989
46315
48387
50456
44568
51240
42645
46345
46369
52198
47450
43005
51524
45892
40084
50354
43026
45701
52638
46248
39425
40962
46012
47847
49293
46562
47507
44869
40544
53403
47701
49710
47443
41082
37752
42232
50107
44107
39405
48639
44675
42388
41520
44500
47936
47352
41635
52213
47401
43302
49623
41242
40669
49338
44941
41476
50914
46752
43687
49809
45007
37207
44980
59295
57475
43437
47520
49113
54748
49487
46423
48235
40389
50940
48163
40791
46179
39448
45329
39514
42275
41465
52431
40783
44708
45640
45172
38042
47602
44504
46723
41522
56629
59173
49470
50933
57428
55692
52086
51060
48538
56728
51428
52007
35209
46340
45082
56681
50957
46067
47189
44544
41385
43921
43066
47812
52368
57380
47128
49348
49569
52802
46915
53216
43468
53825
49431
47887
50325
45647
43985
53702
46261
51424
42972
50658
50584
51355
44643
49256
45557
45567
50058
45066
52630
41062
36939
50069
45905
50014
53557
46427
51847
43792
43388
57540
43929
48311
46878
54932
52300
42368
48378
54733
53445
48446
51622
47285
45136
56428
42812
51322
40621
49902
46298
50879
50682
47800
47948
38084
43049
51446
42101
49814
41748
41390
52686
41799
41672
37187
42766
41252
43311
47620
58039
45020
48447
54438
51544
53821
52060
51085
51338
51300
47218
48916
47344
49550
46183
43988
53955
46078
33606
48751
53712
49312
49142
41639
46453
45490
49274
52459
39493
55339
49327
42846
46270
39695
50425
48642
59526
46119
44396
47204
46218
48832
50739
45203
41594
49421
40222
56670
50372
36973
45177
41609
48278
42598
49373
51567
47160
50332
48534
46371
46662
48502
51846
41073
46786
52941
48431
40456
55392
40438
43231
44136
40785
41680
43186
45325
53073
47122
44783
45213
36819
45212
45803
50299
44167
39623
55625
46126
51861
51655
48158
43567
43492
48658
43103
45513
45643
44746
44615
55476
50166
45550
48519
49914
48763
46956
46859
54225
44796
46934
48541
50327
42756
47224
50492
46955
44313
45254
40537
49944
58214
46922
44764
50320
46481
48146
45537
38844
38266
48813
42021
46973
50386
55792
46148
54073
48982
46727
49103
46587
49204
43257
54982
41874
43885
54776
44993
46396
46641
42564
45399
46824
45501
35903
46163
41217
44123
46615
49021
54597
44503
48559
51721
50860
42958
42271
51984
49752
43683
50357
43030
50100
50011
40852
44164
45111
49894
38781
41003
47516
48074
49441
46322
45139
44770
44313
43580
46619
41799
49623
47841
40384
50984
41584
60047
45286
45274
41139
52049
47167
47208
36728
41400
48337
53498
44147
47835
47413
42513
46631
54661
46794
51171
43955
51810
52531
39571
46779
43180
49669
55647
50680
41238
46123
41613
44992
45915
48420
51967
49378
45455
44442
42231
52427
43483
48473
41684
53149
47530
52302
38463
49410
41700
46824
51524
46490
45069
45721
48028
47412
47487
49055
41330
52546
48670
42534
41896
50013
47852
48572
48506
46976
41081
46564
54247
49376
53028
46926
53344
45936
57251
48037
48077
50542
40036
42126
53012
42193
50555
42435
42002
48051
46432
43341
52099
48049
45884
53150
42047
43750
40046
41645
41917
54965
39762
52648
46188
40902
47749
46132
44970
54066
53696
48686
42929
51378
53775
47264
48979
47367
41825
38445
44435
51546
51922
43408
50153
53092
49628
54840
38577
45014
42832
44513
51644
40910
47120
42577
43434
49979
56659
48293
46284
44312
44562
51732
52381
49884
52759
43008
38705
45069
45592
41961
41516
47240
53725
36786
49931
37656
47677
41517
43094
42729
47719
50213
47647
45586
45184
37224
40932
49593
46804
45182
54054
41679
41649
55490
48046
39845
52368
48636
54577
49569
38752
44553
42982
37598
53168
45904
49929
51037
40078
47022
54383
39125
47356
45671
48877
47318
51227
44891
57406
43567
41269
46983
46937
44299
45853
45421
48288
51378
36929
46579
52646
40469
45737
43710
44663
45806
44208
39868
43989
49554
44277
39602
50218
50791
44447
43804
42993
51351
50277
57008
46673
56081
45394
46509
47382
44745
49576
40338
41447
48167
58419
49849
54733
53165
49796
56037
49384
49709
45675
46338
35378
43886
51287
52862
45755
46659
47891
52766
47187
50048
49815
41930
47901
47491
37905
45419
45090
45730
44392
43709
47067
42462
51134
44404
58016
51208
42716
49875
46039
53541
34609
45774
53152
35734
47841
36667
42622
43053
48620
42283
42570
45364
54879
49190
47138
51214
50991
51568
51338
52383
51174
53143
50568
44357
53566
47008
48229
48143
46122
50531
53821
47349
44692
50201
37593
52005
54364
37586
48055
44795
56933
54441
46415
51896
48460
45861
43717
39354
55839
40931
44808
39819
49384
43752
47777
49958
44664
40793
48102
52696
48931
45784
46814
37825
49727
40777
42184
47308
46765
45944
50872
49839
40586
42280
40220
41255
55458
53362
47064
48652
51764
38759
51234
49204
48704
46661
51721
43114
49671
51000
49588
47531
39981
37661
45826
41321
39825
52151
46801
47835
47093
44626
45893
47206
54194
39969
49816
39114
39947
47826
38457
51615
44732
51937
50278
48722
44369
50502
52310
50645
46914
46369
47291
51167
50228
49628
39060
50586
52077
47958
41799
45065
40908
38491
43403
42055
49002
46738
55846
48431
44224
49162
42874
38852
50582
46378
47312
50495
48086
43908
40888
37587
49399
56191
48320
48288
53354
53819
45955
44885
56524
44471
42664
46422
44190
46614
39571
49329
57528
39627
49577
37801
44296
49221
45135
48710
51002
48565
46043
48126
44341
44411
53175
44542
47868
50012
36938
47186
49552
50821
52961
58983
44663
38254
45621
49365
50703
46319
54159
39958
47133
46010
47588
44453
46823
40331
60945
43425
45948
47268
46624
54774
47026
37373
52093
44879
41565
44397
54464
48771
46939
48121
49997
43129
49564
47834
45757
47549
43829
50597
51591
48767
49751
56709
43185
53487
40555
48403
46143
47030
42098
40344
49382
45170
43968
35168
42959
47413
53328
49939
46675
46458
50970
39917
43833
53497
54330
48006
47132
48873
46881
51857
49902
41279
50394
45466
47776
51689
49375
44583
44408
49531
47835
50527
48345
49633
47546
36626
45651
49458
48417
53273
40869
48715
44426
48177
44353
54661
48809
49676
49171
44940
47800
53868
49546
52215
44367
53857
50848
51175
45510
48495
43258
46043
35252
52138
53432
59011
47670
57176
49145
49834
50917
49364
46301
46132
47288
49848
48573
49574
52479
51535
35319
50580
43999
43179
44245
42655
46508
48861
45087
55263
44830
46800
51652
54691
51594
42503
44233
48817
44119
40822
54916
51549
41128
51571
48158
37412
41839
53901
56526
55622
45889
43938
35093
46429
45490
48672
42573
47051
47460
55252
48575
47307
54938
54856
42789
45398
32472
46776
45164
38415
44715
44217
43780
40699
45747
44652
42433
41213
51377
46064
53328
46543
46874
48083
44315
43489
50570
42791
55334
57839
52082
52640
44004
43335
43764
45018
41090
49505
52285
42306
50214
42887
41889
43992
42408
42129
47011
51809
47970
51152
44067
52250
49699
38447
47759
38699
47768
48881
48964
52334
50503
45236
47344
48893
49758
40478
38863
51354
39082
46438
42388
52858
41922
53968
44893
50866
50966
34344
45321
44610
49091
43412
46329
48076
49880
51226
40857
51713
48948
50344
54902
41198
45149
42488
53781
48529
43568
49325
58420
46814
50511
46880
47751
43345
44616
42111
51466
43878
42274
53478
40738
47736
44535
52702
46632
49811
51863
56461
43123
47014
53125
46237
49400
51697
49962
39482
40227
48847
42519
45056
46944
43995
53590
45889
45618
52355
43881
47288
48141
40525
43721
43675
43380
41618
48266
49011
47409
49980
47786
51859
38782
42473
50630
42634
54208
44142
47344
40123
45668
48955
40218
43861
47363
54986
41011
46656
46919
51204
42231
50988
47955
52111
48655
50593
47064
40161
50649
48231
46105
48457
44037
44659
44961
41946
48323
53903
44149
50407
42225
51729
46909
48953
48029
42737
53231
38652
41307
52029
47971
38226
44485
46658
44868
48165
43576
50785
38883
50421
50415
37883
53080
41925
41996
45319
48170
50221
45266
44961
48507
41401
46865
36421
49600
42175
49427
44323
50628
43188
52224
44905
45776
45746
40421
52304
51656
34999
49616
52617
49260
42532
54983
48578
46860
33660
45667
46542
51796
40026
43446
39638
50104
49891
54797
46910
48498
49346
49053
43173
47105
44095
50569
39050
54498
38380
49235
47744
45265
43402
42533
43749
39513
40409
47909
48579
46810
40619
49245
37500
44503
46006
51409
45102
52021
47676
43679
50162
42225
41515
44646
39586
37125
50450
42503
47561
46885
49377
40338
40501
45272
45041
52133
47890
51584
47873
49598
46777
50260
49652
45673
36802
44608
48561
47231
48923
44277
46717
55379
55743
49582
53202
39365
44657
49109
50628
48205
50389
56634
50616
44749
44189
40337
39520
49013
47563
47324
47342
44077
44080
38827
50880
47746
55137
47168
56838
48434
40421
50205
43854
52731
32283
51551
45972
44969
46676
53303
44856
42141
47177
45462
43796
40951
48105
51627
50599
46537
48538
50913
41178
50803
47221
38110
46814
51834
49873
38074
44934
53292
40699
48449
49372
44655
50096
47070
43390
45940
55023
47849
49924
45003
52591
36571
45672
43008
38260
47853
50552
59116
48514
53883
46408
40734
51386
53680
50628
50152
52665
46242
47604
47221
44596
55902
46235
37488
48318
47643
50478
40426
42950
47588
47893
47459
37630
45628
41713
48079
50756
43607
45753
46451
43567
49622
36073
48521
50677
53987
38085
52729
50709
39672
46758
56700
45085
43728
51139
44725
51520
42985
49424
46396
38507
39837
44630
42543
49559
42984
39723
46442
45100
50093
45167
50912
42856
41136
47953
48617
49210
46246
46641
48156
49901
45764
49899
50260
49353
50589
34784
43237
52807
34158
45789
46691
37981
47397
49097
46061
43615
50751
49098
51040
44632
40563
62056
45859
46945
49456
44949
54057
49525
41102
42341
48843
45104
46131
46906
51698
47787
48567
42202
42326
35995
46484
50156
41846
54247
54086
50648
43108
45105
46526
43698
51210
43390
41868
34138
47455
55193
44701
44353
45409
48198
45225
42626
45024
36424
51265
47627
40410
45083
46306
54262
47036
42611
44342
40372
40405
53478
45025
51362
42573
38498
44641
44737
50293
41488
53907
52495
37411
38116
44603
44175
44946
46276
49881
58469
43776
45543
45479
40352
38280
48085
47436
46881
49264
47250
50664
45559
41717
46447
37084
49943
51593
44113
52956
51582
35514
49102
52594
41849
54049
60775
39736
58649
47374
54722
44858
55937
51930
44526
53377
48365
48094
51124
47045
45124
50081
55113
48210
42761
42853
46430
44225
50764
45727
34378
44086
42040
52352
45506
33298
43058
51099
37210
42114
47790
51041
49088
50154
37122
42103
39717
45620
49710
46260
48873
44516
44919
55206
42735
45564
42210
43635
46231
48326
35839
42293
38615
40930
46961
50990
46499
41622
38885
46385
45168
41716
48867
52806
46040
48545
50692
48064
35564
43152
45058
40249
48277
47653
44590
47031
45671
40986
50359
40698
37486
48299
59450
55066
47394
42543
54192
42255
46555
50168
40261
54465
48267
41288
39249
45789
32113
46845
50588
44519
55928
38437
46139
41074
48029
43289
53375
40567
41322
45234
48903
50769
43407
48812
39378
43981
39065
52036
46646
42902
48907
51877
51801
48317
43764
41376
46716
43952
48194
50011
37305
42332
44335
40647
48770
51339
49278
42600
44046
42562
46202
44099
46389
54184
51114
45717
45072
43286
41923
49805
39668
44875
38368
48554
49050
42121
51989
43114
50075
48280
47893
43356
51064
55513
52839
51458
48295
45648
45221
45776
49490
49405
41726
49456
51294
44626
46009
49932
51463
45653
43191
55942
49903
47702
46309
34244
46028
39922
41230
51873
44655
42646
47487
48880
52995
51036
50336
49769
51558
50093
45091
47930
41657
43430
47501
54231
52420
46195
46021
42254
52111
44212
53505
46956
50183
40174
57331
42216
42955
42130
44321
51575
48725
53024
42120
43395
45817
48250
48332
46856
44187
56581
48566
45728
51368
45169
47821
49221
54474
45604
47992
46189
44684
48696
52202
48715
43778
49671
40261
45540
47808
53703
46248
52680
49110
47358
43805
50057
52832
52708
46448
43525
38378
49137
45002
48895
50370
51158
48021
48185
51527
57294
50245
49911
55635
46489
46775
41131
48491
46136
52027
44836
48778
48862
52723
54553
51216
42594
46867
46463
47356
49937
49232
47598
46059
44594
43198
38830
43002
50198
43340
55841
45554
43949
40885
49338
47050
44045
51042
45635
43971
45061
51283
40397
40862
45959
46347
48351
49806
45738
51786
48987
55269
39531
50356
48839
45271
48909
48157
46131
49278
50566
48348
46133
52364
47140
43296
46887
50531
43748
44927
41068
43446
41337
51877
56524
45960
47005
49892
45767
47431
45477
46516
50279
42513
42347
50071
46072
50201
44129
47045
57212
46686
36554
50863
50643
50799
48327
43627
52219
43507
48350
47104
44239
59327
54717
61413
51425
42246
47553
42545
49390
52470
51780
46852
47074
47656
47393
45514
48839
41949
46213
39969
41771
38336
45405
51267
46077
42245
51935
42451
55491
50858
48507
55920
48248
47975
51558
52132
49607
43139
47765
49640
45587
61807
48608
45707
49727
53436
40971
51576
39121
45500
58114
46780
45231
48550
45321
48866
49031
41115
49629
53069
48513
50511
47325
54409
50608
53933
48434
48836
44285
46088
43480
49581
46396
46520
54756
47664
53683
45774
43107
39703
46862
48487
42825
49336
44022
45317
44970
47482
46970
56268
47318
49643
56222
42662
44962
48846
44476
52868
45657
45845
45658
36829
49044
43462
56686
50792
48023
45084
49545
49634
46653
49855
41014
44639
53452
54672
47270
45736
46432
43341
48715
48885
44844
48547
46742
40231
41786
49834
50826
48906
45498
43612
41333
48692
47648
44630
44867
48704
49726
44722
48634
47717
46530
46737
41432
42398
48108
55145
47821
47552
48822
49059
47115
40331
46821
50487
54748
52957
50338
45144
46519
46204
45902
46686
49689
52454
47666
50823
51907
45567
42673
39682
43878
40614
48173
47556
37932
53231
46010
43914
45543
44020
52811
48234
43116
44622
50810
39226
44194
47634
49673
47807
33391
52783
45802
52105
46740
45530
54690
54904
54459
41135
44274
43946
46147
41246
43719
49656
44517
46898
54581
55755
48457
46584
42614
42414
47355
49908
46833
40699
47661
43341
45763
48608
51364
47060
57653
46486
48021
55756
43522
51607
51739
48164
55243
40928
47962
42330
49976
40109
48974
46161
45450
49184
50601
46952
37750
52655
42623
50912
46212
50211
44694
59379
46744
47880
49351
44891
47659
42888
43962
42025
48184
46768
43368
50237
41357
41400
42868
43726
58727
44898
46916
47038
43786
43875
45881
53158
45771
45444
45037
47265
50856
59044
49360
45714
51641
42151
54042
52110
51070
38734
49057
45797
47785
54720
35752
56868
52724
53205
43966
46825
39074
47000
46009
44848
42284
42062
51002
46205
47905
48841
45933
48927
56134
49222
56832
43508
47024
53741
52725
54854
49706
45422
48974
52240
40933
49300
34694
38989
45781
50704
40797
36270
40988
44528
51064
41676
42845
47236
47287
49305
43502
39621
55004
45056
44062
51735
37231
48236
53975
50186
46345
48024
46970
41899
46603
50869
46085
43738
39331
44168
47538
38852
45113
54650
50520
52453
47248
31049
46244
44424
56422
49110
39331
50181
40476
43070
46136
44019
54134
46861
42877
47476
43052
44409
45233
49392
51270
49017
43892
42709
40330
53544
49534
50226
47616
46817
44562
41868
49502
48695
45334
43371
52026
60657
44232
46083
55367
44436
39384
46486
44839
41959
48258
54963
48554
47783
39160
43264
49382
44224
49351
44712
50444
50011
41597
49316
53542
50075
47547
50107
47994
49941
38767
47756
49580
40261
41791
45179
43145
45236
42850
42059
45865
48272
46627
42557
48414
43581
49201
42885
43279
42981
41313
50549
41325
41135
44915
39922
53517
51000
56790
39656
45070
47503
40457
49164
37536
41055
57714
51117
43521
46946
48033
54796
38903
45078
40804
51918
47180
45071
48269
37269
38174
45820
44972
47626
48101
46853
37464
47037
44427
43984
48848
35862
55444
46838
45359
42997
45667
47522
49584
43993
53096
47351
41058
46158
43098
60074
46340
50540
44188
43414
43883
54020
47845
42125
46367
44135
40578
48640
49487
47744
46749
48626
41400
48430
54995
49990
54114
48210
49509
46590
46951
46419
50104
50500
41808
42482
55639
52359
53284
49952
48894
52700
47046
51346
47090
52359
55247
46569
53583
40590
48244
47845
43229
41104
50822
53942
49143
49041
43828
49452
45024
45473
41279
50369
53046
48933
42914
43933
45275
48352
40212
46176
31468
52745
42094
43788
43894
42791
44291
41069
40862
46007
38166
41982
48011
51771
46526
53024
48646
40181
44444
51683
45848
43101
45607
52068
42316
50033
48289
37746
46242
48524
47167
51215
54809
46952
43084
46838
49589
44761
45426
48391
44329
43350
50035
56106
43354
51637
46497
43554
45724
37410
44354
47257
42821
52261
58505
40368
46205
43117
42984
49504
36797
44829
43963
42353
46827
50427
41155
44709
53533
46908
40652
45236
47839
44670
49094
48013
47527
47950
57704
47650
53941
42180
44623
40441
42069
41717
51002
47354
41990
42009
50733
40639
42163
43769
51104
47067
43008
49738
47566
40998
52873
44929
47810
49188
45886
55501
44592
54330
47085
45136
41229
41154
50830
42936
44219
44844
41423
49034
50563
44872
47328
36003
47181
49983
53812
59099
45387
49773
33597
37326
47424
44522
42897
52074
48309
43590
45620
46956
44869
48337
36500
43710
51229
38590
46938
49284
48728
44658
38240
38147
45524
45970
43663
54754
40472
48753
48250
54335
41707
43804
46790
47642
45074
50873
56894
45977
41336
44456
52237
45482
52360
47763
44926
47622
51006
50855
47469
51001
48467
45961
47523
58787
41093
43195
47373
44341
44754
47213
36144
34934
50516
50697
45482
49187
44033
40683
57129
47758
55417
46228
44227
53321
48059
44140
43367
43347
40933
44721
44946
42410
42806
47175
42073
54520
38964
44166
47824
53412
43634
42281
46373
54673
48472
48192
45909
38981
44173
51766
46219
46959
49480
47902
42572
41690
47965
48896
46778
47124
56413
35629
53433
47055
47033
52568
56868
44596
42474
44962
43110
45641
47706
49522
48687
52453
48952
52989
48971
48749
47792
43390
47924
49652
40644
37724
42495
47197
54530
47744
53839
42856
35701
52114
42228
46339
45212
45635
42651
50569
37390
47618
47976
48350
47475
52350
46908
48913
44613
41282
51922
55663
44474
38704
46360
43191
44705
39692
42009
46698
45330
54639
52634
44269
49724
51676
50375
48615
44679
51619
53691
45838
45798
42546
48115
46167
46399
51098
48085
42111
45657
49120
41782
37813
44348
46801
41319
38805
50157
46697
47299
46504
47736
60985
49357
49461
48273
49891
42798
48369
52314
45445
31950
50782
42322
55763
45770
46134
50555
46602
46355
41103
46999
46252
51125
44813
50300
44694
53123
48287
52188
42054
34966
54719
42342
51732
45436
42279
48132
48858
51574
38164
49044
48256
51191
38897
41038
46256
49495
47908
46518
42089
53188
48315
50614
43368
42372
43522
43376
42202
51551
53928
49232
45562
36735
50817
45385
48106
52406
39020
52127
42875
50097
47697
45273
46637
44553
45561
37615
43935
43762
46569
44854
41931
49424
51248
49118
46742
46507
39094
51067
44488
47215
43384
41071
46194
46748
43777
42405
49277
56337
42065
51185
42562
52150
34987
48099
39644
44278
50059
46073
45825
47393
50699
44611
55073
41976
54381
46985
50661
38849
49650
46027
52659
44690
36749
41822
45274
53150
48908
50197
54719
41081
42555
43958
42653
41234
43536
43753
46672
54758
49078
45109
44859
46389
52941
50219
44340
45559
45319
48379
48053
44090
45300
40633
48311
45338
49724
47696
50311
42054
53425
43737
46736
47196
50037
49630
46727
48063
46917
50419
41398
47437
49124
43967
48291
46368
54373
43796
51984
52863
52403
49003
42466
40302
51797
46433
50930
49411
40116
55692
50643
47065
46948
48346
47718
49779
50304
47283
44961
50169
51956
57740
45859
45724
55488
52727
48451
39450
39858
55863
48220
46566
57065
44041
51240
48705
45338
47459
44917
44570
48091
39479
45211
44682
42061
34946
43686
50480
47831
49659
45563
55359
47821
49244
46386
43329
42942
50481
43493
47653
42964
52177
51386
54375
45252
40659
37351
38534
54220
41901
49053
45623
51284
39537
49478
40406
43740
42532
45800
46427
42749
50022
45377
43927
40152
53001
47092
39009
52763
47136
52503
54301
39281
48860
42968
43801
43912
41464
45471
43584
49221
48396
50126
53392
51822
44639
53636
46700
47581
37161
40274
48296
41166
43127
39739
45652
50212
42906
55048
53795
36361
44444
44494
47317
50176
45719
47810
44044
47757
47989
48988
50343
48600
47122
48875
50132
43277
45395
50076
49159
49024
49441
47136
46408
45024
40660
46785
41191
52711
51711
52890
53020
47443
51741
48410
46981
43544
47281
44437
45017
37057
52275
37761
39712
47447
56820
49691
49392
48232
45159
44977
48893
35593
47454
44822
42060
48685
56427
39363
35329
48612
44909
39083
46787
45050
43086
52285
43561
48540
47880
50500
48136
49647
48803
42538
44694
55186
42859
38394
46511
49593
47299
44734
44722
43316
54100
37654
44722
56541
49536
43610
42123
43150
39511
42573
39735
44989
46811
47302
50801
50435
43989
44102
48777
45071
49943
42775
56346
46645
50713
52067
48119
41993
46795
48661
49495
38479
55109
49116
44879
42270
45546
40594
40365
49592
58435
47572
53616
48874
38382
51639
41971
43951
47217
45785
41988
49800
46171
43796
51798
51994
47149
51133
46252
49955
40990
40301
40256
47535
48202
56408
49467
41670
46779
44953
36409
50954
44895
41336
36852
52187
48268
49636
52497
53688
49996
45121
49217
49716
52284
43747
39717
44638
48816
44558
52012
47664
40681
45830
49005
47394
49009
47892
43987
56176
51479
37521
45528
45600
48390
45394
55085
52591
48677
47334
42120
51328
48403
52614
47784
45732
40221
50724
45714
49013
49738
49054
43449
49221
42664
49939
48500
48438
48015
45915
50268
45697
49685
46351
43535
45748
51233
50008
40267
44741
46788
38192
56301
51086
51160
44126
49296
44078
40750
48280
47241
38834
50174
50426
44736
44825
45928
40463
51140
53185
46974
39809
44184
47047
50870
49844
45130
50744
52775
43962
53937
49635
49651
41445
40352
54700
40709
34822
48009
46015
47334
47319
51522
46459
49029
42049
36424
51651
42242
44559
44437
42741
54073
51374
49871
42621
38965
43006
47704
48555
44293
48551
47550
46555
52915
44731
45159
44859
54993
47732
39364
43830
48861
53325
42257
45149
50116
49955
42433
46273
39047
43147
47785
58366
41432
45989
54086
41755
44989
43518
50418
51331
49841
42223
50276
37848
42005
40236
44495
46175
50144
52936
55025
48650
46030
43243
43211
49703
53244
47541
48205
44507
45336
50971
47670
50114
41517
38636
46468
44229
48424
51810
44285
52816
46168
47023
49307
48653
51296
38667
41819
48911
46181
46956
47518
45953
47708
44422
38014
45932
41321
48654
41826
47920
42408
49201
50251
40883
42599
45279
44052
45802
44063
45058
51580
59943
42307
51888
41031
43006
49053
52643
47061
48790
43059
49149
53873
44679
47109
50789
41503
45088
49793
44703
39449
46564
51089
47712
43915
56070
48559
47235
48034
41476
42917
44320
41683
55397
49066
45291
46020
49973
47076
46123
42337
39555
50785
46852
51617
47558
45582
39671
48085
47249
41410
36319
50310
43751
50365
54622
48620
50775
48024
40109
46824
41594
51020
45691
55012
50681
45271
55231
51597
40855
46913
55796
49649
39640
55287
57259
44562
34794
43081
46504
46929
46541
42029
50549
46238
40243
53105
50001
43593
55004
45574
39695
39279
52374
51564
40320
48971
43328
44138
44369
46568
45943
48130
44270
41403
44959
47656
50446
40171
46010
44304
43911
51718
51658
46245
53595
44530
41440
40041
45771
53398
52756
50657
51720
44041
56345
50215
46417
41438
56541
49318
43517
46054
50515
47493
52468
49147
43813
44579
47896
47499
36601
49845
40282
49323
44090
45032
54142
46887
43873
48399
44223
54200
42904
39964
49533
39597
47951
45299
40611
40506
48076
48810
48517
43340
42675
47549
43517
39179
41713
40332
43115
48930
40603
38796
56353
46705
54394
53490
55582
41236
44818
49820
45170
47629
53002
48741
61080
52162
47663
43041
44022
50836
40873
45865
55515
43374
45788
43360
47026
41564
50670
41196
48688
45086
43891
37256
47488
49628
46220
47267
41820
45575
45978
40407
39387
44912
49361
50219
46579
56145
46711
47139
48947
53908
43200
46728
51639
52550
45457
48584
46378
51801
44931
50441
44717
46614
46185
55849
50888
42277
46791
44704
49678
48944
55473
43787
52210
53360
39943
53672
49138
43898
48249
47837
50699
43631
46922
48663
45835
41250
44896
39996
45165
49773
40971
45283
49724
36697
54939
51140
51096
53747
42555
49412
44095
42830
45766
40174
46627
47331
42957
43639
58780
50155
51751
60697
49881
48090
53136
46682
33375
50740
39763
42417
53255
55125
47110
55010
46890
41185
51696
57044
47691
47320
43851
43583
41377
38016
41050
48426
44731
50325
49626
54310
49016
44303
36092
40618
51034
47889
46869
49095
50333
46235
49009
53251
44109
47869
38291
46136
31585
54098
40694
42519
48333
47378
39487
50238
37747
49314
49681
59893
49885
52083
42889
48440
52447
53657
53009
48002
54232
48789
48443
47081
33173
51879
44364
40323
33416
46660
50547
54940
45744
46394
43091
43904
46076
47937
46704
44296
46794
40858
43431
49932
44159
51500
48529
54501
41013
43950
46636
51519
42833
43569
44382
49691
51227
49438
52066
47065
47812
44828
44178
47554
46563
42123
46067
53692
37514
42409
41206
38028
56744
42642
44860
54410
47042
42893
54723
52709
51620
46291
52759
49246
40019
44614
48914
46661
48941
43349
41264
54122
45213
41540
40607
47507
43191
44411
41925
43928
34845
50168
38046
45545
50410
45431
44109
42892
44873
48294
45251
47591
43087
52852
45375
43421
51459
42801
53353
45091
45085
45516
49795
42888
39936
42918
45287
59952
47512
51452
52145
41670
42510
47433
40311
46823
45247
53542
45009
53042
50627
45107
48553
51081
53744
42715
51099
52748
46807
48090
54685
52046
43498
51928
51544
43222
41860
45103
47302
46316
49228
37035
51340
52452
49390
49921
44902
42828
44416
41663
50182
49681
43095
38651
48441
46648
45681
48520
53517
42958
52844
51464
42310
52692
51668
49753
38393
48748
49778
47523
46948
46380
46506
49322
52243
53375
54523
43573
57554
49354
48682
49071
50359
40325
47319
48577
43991
46432
59186
56086
48940
47973
44686
55089
43632
50801
41458
41424
47625
46123
48491
46963
49369
48607
50432
44845
50595
55037
43513
46255
49873
51660
46301
42682
38456
45640
40524
48383
46467
46592
43462
48740
43713
41162
53237
52423
48869
44583
43705
47684
42630
41597
39083
51544
40204
44687
47003
46979
48700
49315
52346
48111
40762
49702
42570
41226
55918
51921
42019
43019
49491
48332
60116
51156
50491
51817
46357
49891
48909
41466
45236
38325
45792
48166
53246
45517
45851
43579
48321
50290
45745
45857
46822
36268
34001
38900
45623
46422
52222
44515
51637
46084
48594
48028
44015
47243
52213
45468
36217
43788
45065
43922
44089
54017
42943
52258
48184
41208
50417
47612
34275
47260
49570
52770
34618
47874
52657
46657
44254
44949
54978
51080
47921
45993
42938
49744
41677
53870
49189
46014
47132
38139
43360
40324
50466
43862
48755
57019
50670
47621
42258
46760
50033
48797
46044
43406
42132
46831
49190
45254
48999
53019
47089
57974
34301
41588
46920
45374
47970
41436
48592
45012
50491
52409
50967
48236
51254
45031
41154
42409
41815
52255
40098
44027
48150
46053
42145
42743
54289
43123
56227
45302
49048
53471
45921
39182
41650
44019
41706
39457
54808
52574
51703
43894
44774
48313
53751
48034
42408
43622
58404
48617
47660
44704
43092
43145
47195
43813
56554
46782
42100
41131
59095
50038
50573
47508
44854
51582
46713
41979
53702
40226
47483
47302
48294
47015
45919
45878
47726
49025
42644
49432
41429
46763
42560
46902
44537
52456
50365
38254
34732
46338
48543
40096
53683
51870
49713
38895
56831
46721
44462
46655
49944
47488
43414
50830
42515
52519
55807
48192
49417
47775
39766
49335
40499
40699
46577
54171
51430
46180
47477
41720
44442
48782
53849
52365
37461
43773
51202
41066
40622
49860
47508
46797
53114
55653
42798
44404
51403
43708
43300
41527
50447
40384
51812
49566
47705
40752
41990
49243
49894
48219
50051
47365
50997
37245
49604
48656
47900
49696
46924
40739
48026
52590
44400
46970
34000
49018
40968
51543
55022
47410
43791
53661
50313
43702
47990
44911
53699
44681
40577
51096
42338
44841
42354
49409
46113
40848
48651
51260
51796
43793
43867
47761
53431
41975
51677
42798
50785
45421
38623
42698
47372
45568
53517
42735
44342
47429
50433
48528
37623
42335
44595
53019
45532
50109
48667
37652
57260
46429
50859
48898
49580
47652
48483
54779
40538
41885
51665
40664
47939
44980
46998
47344
47987
51172
47736
51965
52298
39767
44889
51046
48987
38792
37589
49727
40413
44221
51733
44935
49452
50822
51624
42848
50542
47350
39885
40675
46265
51189
39932
44062
43284
56825
51138
39870
44724
48101
48608
47767
49294
44824
45493
42486
51066
44904
45647
42370
47884
54086
54635
50379
49851
41272
46631
47676
53238
47181
42053
51744
49141
42954
48747
47997
52550
41945
52629
45971
42884
45111
50692
45615
50441
48270
50479
43743
49509
46700
49805
50074
48303
48645
42415
47080
47504
47358
37686
50952
34765
47695
52509
52966
50985
46038
46546
45075
55316
47507
52648
39584
48817
55407
59925
46619
53560
41514
49740
49128
45932
52860
41983
51322
54463
45926
38711
46864
48391
40595
49471
48254
45798
44920
47127
39772
43533
53021
49034
58525
42851
44537
48752
40882
44226
54678
49864
41968
39480
41087
48691
50390
46371
42329
46082
49506
46221
45829
52457
48971
48148
48622
43162
50949
47770
47310
44854
52811
52148
55548
53548
42652
42163
44704
43805
56804
51281
46035
52340
51450
49412
49222
43357
52198
43691
43981
49993
51237
48500
42664
44689
42491
50181
42297
50827
57390
41676
52697
39690
46932
52404
52610
42550
47225
39325
46310
47148
41714
50355
43323
49497
44418
46887
44521
51307
55214
46920
45220
45593
41885
52889
48744
41429
50758
57503
50852
52435
58314
47396
44498
46447
48187
44649
44426
41753
43428
46356
41437
51614
45505
42211
49439
47038
57035
43541
45301
47266
46905
41479
42251
48655
50108
45070
53733
50983
47157
50711
54310
46729
42618
51924
53707
45352
51007
44357
56583
50691
47885
47556
47835
48738
49738
37461
43431
48998
46723
54766
43491
51067
47004
38920
42031
43037
53536
52313
45501
54579
46849
45455
56223
37495
49533
43967
43514
52590
51810
43064
46492
46458
47671
46545
43818
48655
38662
38812
59237
50836
50589
45800
52467
47822
42615
40507
47716
41743
50461
44709
44693
50257
44353
47913
51503
39661
52298
40831
46962
53594
49053
40475
44773
49646
44664
46385
46431
51824
44525
57137
50820
51498
40157
47100
51568
42344
48710
39389
43685
45999
35974
40081
48563
45192
44831
46153
45210
44170
45511
44975
45665
46854
46651
54166
42449
45038
48417
49713
48429
41478
45683
54200
48425
40581
38106
48040
54174
49575
51204
46679
50303
44124
45787
47628
45584
48718
42908
54650
51399
51349
43030
52147
42099
49760
41966
46369
47732
40404
48382
43043
50133
52583
40002
52263
48968
38498
47445
44462
48401
45937
48666
53232
55467
45118
51424
43549
52010
49492
49857
45189
46781
46503
49498
38174
50449
42232
49071
49193
42435
49382
50061
52775
44135
50140
45915
53106
48003
40838
49441
48882
37746
47245
43847
44568
45660
50020
42873
54084
47495
52027
55106
45300
48271
47755
46171
38251
44106
48338
46782
49005
41416
44294
55681
44277
52026
50175
43570
46848
41536
47250
44766
43982
47232
52119
50412
54364
49164
48751
43423
59499
44471
49032
48639
40540
41368
42707
51658
45683
50554
49803
41474
47183
48427
38127
41602
33593
46975
45884
36374
49913
43629
48646
39053
52185
48918
59520
46329
46049
47363
45195
42810
46249
46769
45346
51882
47231
51319
49018
49236
46841
41277
44637
53931
51766
57908
45784
45258
41548
46938
45418
46106
36348
49281
38036
54688
49683
48763
50743
49450
46937
51049
40158
49879
43488
57860
48227
52003
41816
37728
51726
48143
45501
42542
42004
47760
42368
49684
46133
54320
48969
42466
44730
45028
44464
49371
49064
46553
43421
47286
43661
46607
46910
44508
48127
46737
45681
49836
46883
36242
48746
52702
43663
48404
48074
50165
51372
44641
48563
46355
50034
43303
55498
42372
54587
49281
40679
36991
44783
47297
53616
49998
46933
39792
44844
47551
52017
44369
45557
41641
43113
49487
50414
50816
46271
49068
55393
51389
50290
46040
42796
43184
43756
49827
40809
49492
43756
49726
48887
42398
46926
43216
37160
51706
48939
55186
46464
50638
42243
43391
46566
44788
45310
42382
48348
45688
48998
42607
50087
47270
50677
45379
45068
46891
43442
49317
41255
41242
41951
53947
49522
39163
55571
44434
45293
47035
51559
46565
56621
51591
48276
56287
49430
50248
40634
45696
51756
39953
50052
46163
50360
45897
43795
50494
55787
50622
43223
39570
39740
51079
50401
43647
48394
49839
40507
46112
55097
49973
43814
49640
49048
45582
49531
53430
48946
42846
44943
57943
48052
47654
41909
42324
43586
45771
41233
43440
46377
47919
43840
49256
43421
35302
52415
42438
42079
49530
43150
52419
52080
53045
47975
44799
52918
40134
42925
49008
41805
47684
46924
42826
40220
46127
43939
43034
48070
54274
43995
47525
38682
47430
49330
46757
49322
46338
52036
41324
37341
54662
54288
46728
44331
53533
48249
44261
46527
53392
48029
43124
41686
43803
40078
45575
39954
48955
47678
50246
45605
47403
45458
44514
53976
46824
40244
48545
49801
42939
45796
50696
50478
46007
49346
39397
51426
44884
52279
46754
44599
46736
48340
45762
41825
54973
48037
43465
43641
42045
50003
44756
47369
51244
45961
50604
47559
41560
46131
43830
42116
45116
44218
44335
44604
53332
57037
46103
50432
47443
41534
40927
52022
46881
49177
49701
48676
43892
48485
46162
40397
51235
50145
48400
47123
49719
47423
43846
45737
39472
50319
47791
46100
49880
48170
56754
51573
41785
51294
39996
38006
47776
46044
46078
44451
43688
46747
48835
45567
40257
44616
52553
44558
40974
53697
44049
46067
39454
45871
50423
42642
42026
42263
43358
40572
42904
44013
42480
53069
46815
48997
46018
48031
43342
42953
45605
43773
47307
46934
39123
46743
51067
47989
41515
39306
47213
40656
41708
51554
45195
54026
41471
49296
48703
51859
49790
43106
42543
39853
48782
45480
54095
42943
42570
42953
52234
40497
45347
46277
51851
48589
41753
41960
46447
39051
50069
45681
46905
45364
48534
54905
43276
46015
38391
51408
53166
54187
42227
49369
57671
45518
51947
50722
44535
51628
49725
44748
52013
46254
50498
45254
53889
45324
39914
48136
48336
42455
45555
45212
46773
48642
45323
43389
50656
48952
39920
48513
45244
47575
51773
42005
44195
49431
56805
49657
48347
47541
53714
48527
49372
46906
45610
43532
41678
42586
52949
42115
46879
45426
47793
53451
52962
45703
55167
41547
49330
43797
42108
40483
42931
47717
40340
43124
38867
38337
51547
44300
42998
52582
44666
44244
52786
50658
44055
50806
44986
39269
49711
37241
49463
45660
47162
41053
42158
42977
46315
47612
44999
41229
48890
46162
39796
41021
51895
49259
50946
54600
46793
47461
50200
54280
42381
40186
42809
45213
41656
37958
41059
50172
46872
61093
43896
47765
46647
49769
42660
51379
53716
56517
39149
46821
48298
47601
58062
46232
46257
46261
45612
52827
51378
44455
44449
38225
44706
51779
46776
44424
44011
40220
43831
50201
43550
47977
51765
45389
53596
46804
48048
43551
42513
36989
47295
46853
44314
43113
50688
48867
51868
53810
43552
45197
39382
43488
46473
46201
44081
47201
56563
47155
41833
52154
51024
56413
47798
45041
45477
54996
42227
35450
38935
45692
53267
49115
50858
46379
40379
51191
41835
48827
49122
46700
42799
45545
51055
51909
44182
54815
46841
45594
50683
44752
53059
48593
44971
39056
59338
56819
47587
43218
55964
47915
43451
48901
42439
48640
49658
51601
46270
50486
41346
47770
34453
49049
42406
47316
48116
47901
50292
39816
53489
48564
48698
44493
47239
47038
40999
57293
43477
45737
43881
53497
35679
46473
51589
44499
45387
43867
48899
54382
57508
48825
47440
52158
44260
38467
44118
45067
49242
43992
47705
49543
41024
49600
49010
46689
41562
46214
43851
48459
48328
49725
47636
53690
46070
48322
42450
48523
51199
48911
53878
41519
44399
45380
34312
57774
47925
43655
47051
46667
51037
45916
48878
44733
48918
37154
44353
57384
42336
50406
41266
40706
41092
51138
47098
40648
43446
43299
51219
41421
48524
53426
41213
44531
46263
53327
44810
55030
47191
51452
44144
51349
47586
39418
45051
48542
52056
49795
48492
49708
54471
44631
52567
47524
53388
37708
42789
42890
49706
42961
46011
49616
41045
39606
39562
50161
46757
40841
40990
44125
48682
45319
42901
46168
47595
47800
42610
42731
43062
49780
43997
49279
49681
51596
46389
48237
42545
50296
38681
50960
53672
58172
41633
44552
53101
45205
45388
47619
45174
39501
52704
47784
43502
51047
39827
45038
47957
47489
46393
41631
46379
39209
50397
44346
48884
46473
39921
46807
44663
43764
46463
41224
47455
51662
45392
45133
46292
44288
49175
51794
43666
54040
53999
41355
45851
33156
46246
38319
50519
43389
43704
56245
53011
45335
43507
40557
46999
42951
55873
47374
54780
50260
52693
44412
49756
43525
46247
41805
46038
45284
43400
47025
48082
53726
48170
54333
50933
54562
43854
46967
40915
50366
45820
52494
43492
49161
46782
45009
39978
47327
46353
40609
47179
50955
50359
39995
47874
46273
42635
48644
42956
51803
47990
45104
45450
40657
47749
51373
44110
47062
52166
50760
49312
41222
44461
49026
45023
36574
40914
42112
37509
47251
44050
47808
42236
48394
56050
44356
48222
45562
51753
38475
49423
44261
48092
50892
47358
52076
51959
51546
42258
41140
50042
42126
45317
45055
53716
49068
41847
43845
40953
44891
49914
48280
46835
57508
45284
40538
53705
44522
43917
52234
49768
42819
41571
42480
52716
57531
42729
50392
48648
46384
50463
47020
45483
51430
48381
44529
47685
52885
59339
41635
52920
51379
44600
38770
45744
51073
45041
50020
44588
53971
45409
55652
52341
44510
49348
47805
53680
48178
45299
44499
44787
50557
46824
50215
52861
52991
44484
47898
40678
44621
47253
53651
50393
49874
45281
53179
45414
48780
43135
42149
41596
36896
48750
38999
50713
40352
43642
47737
59931
45231
49246
37638
44335
42730
45989
50448
54555
50303
56229
47081
40371
51223
45872
47313
40568
39371
53385
45642
54214
41491
48799
46286
44231
47013
44247
43512
40050
45081
43690
48320
46444
34021
52811
51950
46130
44445
58368
41708
49105
43417
44150
46409
43806
56680
44859
51197
44762
50057
42410
49177
42519
49315
42544
45794
56370
39014
47336
42278
46511
43283
37204
47619
44217
45208
55289
44251
48040
45122
46097
44626
40287
63382
45578
43416
48724
43158
45302
41874
38900
38233
50205
46549
48359
39521
55048
40887
45525
45154
48954
45804
49481
51903
44705
45632
53142
51146
44551
50995
47326
56063
44645
49903
48917
42984
43214
43232
41006
47509
43902
51375
54980
45787
51935
54866
44775
49889
51567
51878
39950
42359
47996
