43297
47276
41252
45996
47266
45031
39392
44921
47665
53267
56448
47005
46416
50141
53112
36863
46327
41715
45840
44026
44293
48857
43128
45182
46648
51198
40421
38634
49389
46252
49150
46580
48945
47426
45181
46764
40414
49058
46261
40621
46148
43955
51810
46564
49384
45364
53566
49204
48320
49676
49546
45490
54986
46717
47643
41713
39723
49911
44970
40231
44867
48108
50601
48841
54854
47756
51918
45909
44679
41782
46801
41319
38534
52187
44989
51617
40171
41440
51140
43639
44364
47042
43922
43708
47761
54678
46082
44498
53733
51924
46781
49498
54364
46106
55393
46527
44049
45426
40999
50303
