45867
51956
38707
43027
49769
49786
46563
49306
43297
54813
47276
48456
53517
40878
50256
46916
48003
41252
48536
42765
51393
38884
46483
43971
43007
55601
45996
50372
43102
39823
54627
48268
54727
43104
46594
49434
48074
59684
46024
47266
50895
50074
46109
54345
45007
46175
45968
45818
42990
46273
48592
49998
45283
51663
48217
47809
48764
42273
47672
51332
48608
48943
50449
45985
50348
45555
42802
41504
50073
47331
46806
48234
45031
51611
45293
40850
43103
52096
51014
46350
47556
47792
39392
39100
48133
50203
50751
54162
46151
44921
47972
49655
43829
41152
50831
44951
40133
35843
40044
41266
50711
54527
48724
53022
47629
42552
46007
47364
39620
47231
46007
46488
45481
47153
47665
55638
46352
42606
47572
40272
51229
47984
50300
43608
51690
39796
48791
46576
43938
51219
42390
53267
40514
50498
52437
46431
48202
53524
51146
40310
42684
56448
45228
55031
44227
47005
58421
47599
41987
46416
48301
40119
46831
50274
53848
51177
50141
56460
53112
47353
42814
56262
40946
46442
43796
44894
38144
35777
36863
34506
45252
43823
47311
52336
42243
43189
50760
43396
46327
41715
38709
41806
52554
46330
36306
49484
53315
47469
48248
44622
45840
35530
49834
47980
41930
44530
43890
44026
44955
45110
38601
59674
49175
40199
44051
42373
51708
56986
45943
52723
50858
48539
54591
55535
52860
55304
39611
44293
55397
46065
57981
48698
37584
46160
53753
49022
39468
48857
47720
49038
43990
47798
47409
36821
44939
41274
43128
43551
36275
47230
43137
44854
46016
54929
47978
44763
45182
49999
49424
47912
58527
50235
38179
43755
48884
52034
51512
47321
47044
47147
40697
37993
49944
51433
46681
43856
49733
46648
51198
40421
49572
48267
43884
44569
38634
48120
44848
39859
53206
44169
45305
42512
49389
54034
41183
45786
49872
56463
50221
49689
45444
41607
43513
45472
54561
46582
38781
38126
46252
41799
43697
44302
49524
49150
49473
44202
54500
45386
46580
48622
48945
52990
49525
50299
40302
44765
40311
53385
46656
52075
42433
50458
43788
45288
49987
41955
39222
48169
50691
50411
49048
56452
41098
53877
53466
48347
49909
45704
47216
49689
48837
45213
49279
47426
46103
48837
46003
45181
47086
49065
41242
49628
52606
52048
45206
42592
47431
43897
50240
42973
42061
58422
52127
46764
34031
36775
54969
46307
52033
44732
50940
53824
40414
49048
53334
43377
50642
48744
44960
47559
48741
41938
46069
43904
49058
56154
50456
44568
42645
40084
47352
57475
49113
46423
40389
45329
38042
47128
49431
46261
50584
50014
53557
42368
47285
40621
50879
38084
48447
41639
52459
50425
56670
48278
42598
47160
40456
45212
48541
46148
46587
49204
43885
44993
46641
50860
49441
41799
45286
45274
52049
43955
51810
49669
48420
38463
45069
49055
41896
47852
46564
48077
40902
53696
38445
51546
43408
51644
52759
45182
55490
48046
45671
46937
46579
49554
49576
54733
49384
46338
51208
45364
51214
50991
53566
48055
40931
40586
49204
45826
38491
48320
58983
47268
47834
51591
48767
47132
49676
49546
47670
52479
35319
43999
42503
45490
41090
42129
51809
40478
34344
49880
47014
40227
53590
45618
52355
40525
47363
54986
42737
52029
38226
46658
38883
45776
52304
52617
43446
46910
50569
49245
44503
45102
47676
46717
47324
46676
48105
44655
50552
59116
48514
47643
41713
48079
48521
39672
46396
39723
42856
46641
51040
44949
36424
47036
46276
40352
49943
35514
54722
49088
50154
42210
43635
54192
41288
43981
46646
50011
51989
48280
45648
49405
43191
41230
52995
51558
52420
56581
47821
48696
38378
45002
48021
57294
49911
46489
47356
55841
49338
40862
45959
46347
45271
46852
47656
46077
39121
41115
46088
54756
53683
42825
44970
56222
52868
43462
45084
49634
44844
48547
40231
50826
48692
44867
48108
52957
45543
52783
45802
45530
54690
43946
46147
40699
46486
50601
59379
42151
48841
54854
45422
44528
47236
50186
48024
46603
44424
49392
49534
47616
46817
49502
45334
41959
54963
47756
49580
43145
45236
43581
42885
43279
41135
51918
47037
42125
48626
46590
52700
46007
45607
48289
47167
49589
48391
43350
45724
44354
47950
47650
47354
43769
51104
37326
42897
52074
46956
48337
40472
48753
48250
41707
43804
45977
48467
44033
40683
46228
53321
44140
44721
38964
45909
44173
52114
42228
47475
44474
46360
44705
49724
51676
44679
41782
46801
41319
46999
52188
45436
38164
46518
49232
36735
43762
48099
55073
49650
42653
49779
57740
38534
45377
48296
45652
47757
48600
45395
49024
46785
51741
48410
48232
42060
47880
49593
42573
55109
42270
51639
46171
56408
41670
52187
49636
43747
39717
45830
45600
47784
45714
49685
51086
44736
36424
47732
49955
42433
43147
47785
54086
44989
50276
42005
44495
43243
48653
41321
41031
53873
46020
50785
51617
50775
45691
55231
52374
40320
50446
40171
53595
41440
45771
49845
54142
48399
54200
43517
54394
55582
47267
39387
50699
51140
43639
60697
41185
38016
49626
46136
37747
49314
42889
52447
44364
51500
48529
54501
41013
42123
47042
43349
41264
41540
38046
50410
45251
39936
53042
53744
51099
44416
52243
49354
56086
48940
47973
48607
48383
49891
48166
48321
46084
52213
43922
41677
38139
50466
43406
48999
53019
34301
46920
45374
47970
52409
41815
45302
40226
42644
46763
49944
53849
52365
43708
43300
50447
51812
50997
34000
43791
43702
47761
51677
42798
44342
38792
44221
39870
41272
34765
45075
54463
44920
47127
42851
54678
46082
49506
43162
44854
42163
43981
42491
42297
46932
52404
52610
44418
57503
44498
48655
53733
51924
53536
45501
45455
43514
47671
48655
40507
41743
47100
46153
46651
38106
54650
51399
46781
49498
52775
47245
42873
55681
54364
46975
46769
49018
57908
46106
36348
49684
49064
48127
48563
43303
53616
49487
55393
46040
43184
49492
46566
45688
47270
50677
45293
47035
55787
43586
35302
52419
42826
47430
49330
52036
37341
44331
46527
54973
51573
41785
44451
40257
44049
45871
42642
48031
43773
41708
54026
45480
42570
45364
51408
48136
45426
45703
41547
50806
54600
46257
45389
44314
43552
46201
47201
45477
40379
49049
47239
40999
44499
47440
53690
43655
41266
43299
37708
41633
39921
46292
46999
54780
45820
47327
36574
49423
44621
43135
50713
50303
47081
40568
39371
44762
49177
44251
46097
48724
45154
45804
53142
48917
43214
41006
47509
51878
39950
