2850
2167
1949
2331
3008
2481
1865
2440
1901
2497
2562
2559
2600
2508
2556
2035
2274
2197
2592
2209
2023
2000
2304
2350
2147
2280
2253
2838
2072
2079
2216
2132
2483
2225
2049
2230
2326
1891
2639
2071
2485
2070
2325
2408
2558
1829
2484
1878
2097
2336
2260
2328
2435
1765
2257
2269
2075
2420
2111
2256
2276
2455
1753
2117
2199
2009
2628
2391
2549
2583
2331
2187
2618
2282
2108
2168
2428
1904
2547
2567
2447
2703
2457
2316
2324
2714
2476
2599
2618
2355
2273
2320
2604
2660
2549
3044
2319
2686
2132
2396
2266
2774
2733
2780
2613
2768
2393
2271
2920
2706
2245
3006
2445
2123
2756
2466
2301
2331
2092
2366
2343
2619
2210
2847
2086
2477
2694
2422
2336
1987
2187
2392
2670
2182
2088
1987
1647
1774
2090
2144
2444
2332
2462
2309
2613
2315
2184
2211
2619
2197
2462
2014
2541
2910
2026
2387
2453
2097
2427
2150
2563
2543
2274
2335
2856
2620
2659
2728
2886
2571
1933
2411
2342
2364
2655
2184
2597
2544
2752
2732
3177
2423
2346
2721
2474
2530
2771
2503
2857
2579
2378
2675
2345
2214
2680
2688
2368
2827
2102
2725
2446
2315
2524
2341
2397
2266
2755
2416
2082
2263
2453
2191
2241
2336
1993
2514
1917
1890
2353
2490
2689
2202
2260
2078
2534
2654
2770
2469
2592
2238
2168
2220
2391
2580
2403
2416
2304
2845
2373
2301
2204
2291
2025
2181
2315
2724
2473
2305
2646
2556
2135
2608
2468
2866
2597
2062
2385
2164
2089
2445
1981
2242
2005
1964
2042
1796
2259
2086
2503
2115
2345
2712
3025
2340
2459
2339
2240
2724
2500
2205
2037
2301
2524
2280
2488
2966
2746
2273
2364
2714
2785
2445
2537
2448
2405
2389
2160
1948
2252
2096
2276
2003
2252
1990
2371
2195
2571
2717
2515
2712
2393
2305
2059
2461
2382
2938
2053
2072
2317
2470
2785
2661
2983
2610
2477
2272
2472
2231
2357
2590
2304
2280
2138
2964
2244
2257
2522
2579
2513
2898
2618
2637
2593
2662
2635
2539
2337
2877
3019
2772
2762
2293
2535
3000
3065
2947
2419
3059
2579
2339
2399
2208
2842
2312
2400
2514
2404
1842
2604
2313
2333
2632
2678
1939
2689
2679
2414
1954
2339
2295
2230
2000
2408
2256
2397
1913
2531
2398
2100
2288
2409
2494
2348
1876
2574
2684
2342
2396
2123
2676
2112
2286
2805
2213
2561
2490
2018
2610
2154
2544
1976
2269
2362
2443
2348
2284
2428
2609
2553
2092
2147
2134
2503
2798
2598
2335
2617
2661
2779
2475
2267
2365
2328
2048
2268
2641
2302
2448
2029
2061
2078
2209
2269
2116
2848
2319
2277
2611
2379
1779
2497
2013
2439
2339
2451
2498
2034
2397
2199
2225
2489
2142
2216
2366
2483
1943
2257
2413
2081
2223
1909
2241
2370
2166
2358
2534
2548
2355
2451
2579
2419
2542
2884
2650
2295
2860
2479
2769
2668
2557
2407
2225
2807
2567
2546
2316
2742
2576
2294
2349
2357
2481
2261
2393
2539
2522
2170
2827
2433
2850
3028
2364
2806
2495
1709
2582
2424
2685
2315
1931
2676
2496
2213
2016
2000
2494
2246
2233
2534
2133
2610
2303
2476
2200
2234
2206
2349
2132
2420
2433
2626
2198
2858
2415
2467
2688
2677
2543
2292
2321
2197
2542
2811
2168
2518
2221
2816
2020
2524
2424
2634
2862
2644
2223
2165
2498
1895
2343
2316
2284
2347
2326
1972
2324
2414
2096
2403
2383
2318
2387
2286
2117
2148
2292
2293
2393
2501
2319
2047
2160
2097
2306
2368
2636
2736
2590
2226
2784
2558
2902
2455
2981
2591
2281
2471
2693
2730
2493
2515
2400
2701
2310
2264
2280
2778
2402
2169
2572
2163
2679
2086
2366
2227
2364
2378
2163
2700
2102
2460
2467
2354
2092
2396
2654
2060
2707
2487
2676
2870
2269
2340
2193
2037
2610
2233
2732
2194
2058
2254
2041
2130
2661
2829
2650
2434
2489
2704
2831
2521
2476
2375
2077
2736
2518
2772
2669
2486
2411
2335
2373
2329
2654
2418
2600
2160
2213
2423
2197
2405
2429
2484
2429
2170
2369
2240
2629
2021
2092
2065
2683
2654
2730
2673
2201
2214
2637
2698
2772
2697
2145
2538
1811
2516
2220
2393
2390
2369
2254
2419
2309
2348
2254
2210
2740
2483
2005
2404
2029
2377
2755
2552
2104
2556
2977
2089
2703
2406
2611
2722
2407
2391
2388
2388
2190
2362
2221
1965
2810
2517
1893
2577
2432
2329
2442
2723
2500
2902
2490
2161
2577
2582
2508
2647
2487
2531
2246
2289
2864
2127
3091
2664
2803
3030
2529
2220
2070
2442
2618
2922
2421
2120
2511
2510
2638
2346
2362
2515
2296
2451
2535
1954
2533
2228
2256
2631
2060
2750
2138
2217
2797
2517
2170
2413
2147
1814
2445
2672
2015
2489
2249
2347
2453
2044
2022
2138
1883
2266
2584
2165
2352
1945
2246
2153
2284
2236
2812
2090
2190
2216
2751
2198
1789
2565
1831
2540
1942
2340
2154
2528
2209
2631
2779
2521
2806
1956
2137
2470
2743
2423
2013
1981
2188
2176
2178
2230
2381
2084
1940
2157
2425
2142
2625
2403
2207
2489
2224
2540
2527
2333
2400
1986
2434
2242
2192
2430
2040
2219
2338
2168
2245
2170
2705
2116
2210
2594
2654
2891
2169
2433
2570
2739
2557
3001
2761
2281
2789
2823
2336
2415
2784
2187
2418
2369
2708
2412
2743
2225
2627
2504
2209
2712
2103
1947
2509
2599
1987
1847
2373
1929
2086
2393
2538
2254
2046
2386
2421
2243
1979
2442
2395
2475
2102
2548
2416
2321
2958
2190
2261
2707
2409
2555
2623
2347
2426
2961
2501
2674
2159
2833
2731
2116
2489
2547
1977
2420
2526
2729
2702
2161
2351
2280
2176
2360
2399
2531
2002
1952
2217
2402
2185
2167
2016
2290
2292
2275
2182
2441
1693
2375
2070
2581
1968
2006
2369
2272
2376
2199
2141
1996
2295
2329
2244
2399
2524
2501
2213
2637
2504
2503
2664
2500
2535
2483
2837
2458
2260
2656
2804
2351
2300
2089
2356
2144
2315
2350
2203
2805
2032
2680
2152
2571
2487
2637
2136
2619
2501
2351
2283
2605
1485
2434
2892
2258
2655
2973
2407
2475
2191
2524
1962
2790
2541
2323
2583
2322
2289
2503
2484
2812
2857
2215
2361
2669
1892
2129
2442
2359
2262
2648
2409
2657
2374
2589
2420
2070
2052
2549
2717
2510
2322
2566
2697
2561
2735
2711
2572
2598
3022
2248
2402
2827
2332
2220
2463
2217
2307
2115
2801
2425
2612
2425
2532
2577
2307
2662
2067
2339
2928
2762
2898
2632
2321
2766
2628
1976
2522
2429
2602
1997
2540
2710
2390
2656
2100
2539
2497
2034
2179
2596
2357
2303
1523
1764
2544
1673
2351
2234
2581
2275
2478
2150
2321
2216
2203
2299
2359
2413
2316
2198
2376
2162
2239
2759
2130
2065
2285
2354
2603
3079
2309
2576
2473
2742
2405
2428
2343
2475
2162
2361
2499
2344
2403
2325
2161
1921
2540
2500
2221
2249
2342
2053
2690
2350
2467
2249
2269
2691
2323
2446
2297
2338
2324
2294
2365
2306
2476
3003
2340
2283
2039
2695
2633
2037
2125
2622
2245
2429
2121
2500
2155
2636
2399
2610
2184
2025
2620
2331
2394
2432
2653
2754
2510
1999
1785
2118
2196
2404
2256
1992
2366
2421
2455
2699
2342
2651
2391
2467
2260
2367
2626
2611
2515
2439
2516
2695
3089
2112
2375
2266
2504
2389
2385
2575
1944
2292
2391
1841
2036
2571
1794
2205
2151
2680
2475
2632
2484
2484
2913
2773
2619
2347
2520
2287
2072
2259
2538
2366
2185
2249
2668
2015
2703
2505
2419
1974
2514
2468
2384
2029
2446
2148
2607
2371
2281
2780
2365
2160
2238
2201
2080
2501
2548
2048
2129
2093
2644
2547
2357
2480
2650
2847
2289
2764
2500
2960
2536
2568
2432
2341
2773
2213
2078
2457
2812
2776
2457
2311
2790
2461
3013
2542
2195
2189
2034
2353
2504
2148
2406
2409
2021
2187
1996
2156
2258
2063
1777
2373
2495
2422
2100
2158
2705
2436
2657
2646
2607
2388
2467
2612
1880
2144
2449
2274
2350
2467
2267
2258
2083
2085
2453
2627
2052
2276
2321
1901
2460
2108
2266
2364
2088
1630
2464
2110
2233
2504
2022
2356
1708
2364
2777
2520
2551
2555
2491
2759
2588
2319
2787
2652
2801
2178
2303
2454
2573
2249
2223
2163
2302
2072
2145
2161
2235
2467
2426
2470
2210
2340
2714
2648
2091
2375
2256
2518
2113
1696
2147
2407
2666
2678
2122
2427
2498
2189
1892
2646
2149
2755
2656
2171
1805
2521
1986
2574
2189
2233
2200
2316
2241
2137
2410
2275
2014
2360
2086
2154
2835
2248
2337
2114
2548
2486
2592
2371
2017
2052
2283
2156
2274
2276
2381
2413
2783
2530
2251
2207
2348
2292
2477
2522
2002
2142
2435
2196
2470
2144
2677
2463
2606
2486
2292
2675
2470
2481
2237
2192
2337
2282
2292
2461
2271
2322
1962
2127
2436
2327
2569
2649
2184
2121
2453
2680
2366
2377
2416
2589
2194
2451
2405
2233
2468
1997
2057
2661
2056
2746
2409
2176
2514
2436
2325
2403
2028
2339
2125
2310
2445
2779
2366
2277
2526
2963
2382
2682
2212
2714
2384
2612
2553
2457
2355
2288
2356
2261
2210
2407
2265
2134
2053
2466
2238
2365
2410
2397
2177
2534
1743
2605
2533
2163
2945
2715
2682
2124
2187
2569
2013
2201
1862
2459
1926
2054
2422
2010
2547
1954
2290
2456
2557
2754
2157
2276
2156
1916
2197
2567
2048
2121
2500
2708
2817
1867
2201
2195
2272
2358
2208
2773
2487
2880
2238
2187
2155
2097
2468
2372
2527
2646
2307
2543
2705
2276
2346
2331
2478
2167
2364
1854
2429
2409
2563
2684
2400
2466
2431
2584
2424
2140
2481
1973
2271
1944
2614
2592
1978
2341
2732
2678
2471
2618
2416
2232
1865
2445
1899
2444
2339
2716
2261
2087
2401
1661
2346
2121
2472
2343
2308
2867
2310
2783
2681
2480
2398
2577
2107
2810
2704
2375
2834
2212
2506
2145
2515
2109
2177
2621
2358
2534
2947
2472
2364
2439
2532
2686
2076
2690
2345
2122
2602
2493
2392
2294
2112
2088
2508
2288
2147
2374
2447
2321
2389
2370
2046
2168
2729
2310
2377
2272
2620
2143
2491
2510
1969
2290
2325
2246
2353
2504
1811
2118
2326
2193
2804
2627
2196
2203
2538
2838
2717
2165
2638
2615
2709
2228
2106
2277
1896
2354
2001
2227
2232
2276
2066
2218
2083
2427
2171
2128
2085
2360
2042
2630
2560
2062
2230
1895
2437
2484
2221
2580
2027
2286
2485
2332
2467
1917
2467
2471
2536
2000
1598
2370
2586
2309
2620
2503
2288
2349
2133
2138
2758
2411
1959
2160
2187
2377
1967
1837
2115
2719
2148
2478
1943
2021
2628
2687
2372
2821
2219
2188
2261
2544
2254
2275
2017
2285
2650
1957
2546
2322
2554
2505
2500
2132
1908
2471
2169
2551
2452
2249
2511
2088
2498
2132
2288
2436
2310
2771
2236
2255
2326
2528
2500
2636
2500
2135
2304
2608
2314
2112
2442
2150
2099
1988
1967
2211
2448
2457
1722
2658
2420
2717
2778
2827
2597
2564
2100
2454
2184
2281
2328
2568
2738
2624
2463
2284
3194
2515
2562
2606
2953
2534
2529
2244
2419
2468
1876
2389
2192
2774
2413
2795
2333
2751
2469
2226
2561
2183
2425
2419
1865
1936
2134
2382
2142
2354
2223
2531
2084
2660
2465
2346
2204
2496
2219
2174
2377
1907
2449
2393
2296
2266
2157
2354
1860
2126
2368
2700
2300
2259
2737
2540
2376
2299
2473
2438
2366
2213
2205
1950
2638
2740
2574
1996
2531
2319
2552
2731
2646
2572
2548
2120
2070
2404
2191
2572
2475
2428
2039
2238
2615
2113
2327
2553
2595
2227
2100
2289
2507
2339
2520
2366
2316
2198
1948
2096
2422
2560
2096
2337
2683
2031
1999
2582
2318
2545
2776
2462
2551
2655
2432
2055
2284
2513
2486
1974
2620
2392
2237
2395
2712
2551
1880
2734
2194
2588
2083
2297
2702
1918
1814
2187
2530
2184
2358
2421
2548
2306
2183
2174
2402
2377
2059
2699
2258
2427
2681
2688
2161
2982
2125
1927
2428
2500
2279
1889
1922
2171
2512
2528
2124
2347
2659
2119
2404
2434
2164
1915
1996
2239
2419
2295
2867
2311
2818
2485
2699
2356
2901
2199
2078
2293
2668
2582
2262
2328
2238
2609
2365
2343
2455
2750
2899
2506
3011
2136
2163
2715
2149
2881
2669
2489
2365
2322
2791
2721
2354
2452
3152
2926
2690
2563
2637
2747
2824
3087
2892
2404
2505
2014
2306
2796
2457
2648
2456
2777
2636
2497
2142
2429
2467
2385
2662
2291
2598
2331
2541
2311
2457
1891
2317
2705
2298
2623
2495
2534
2891
2967
2690
2736
2320
2161
2163
2442
2472
2097
2448
2360
2245
2569
2172
2124
2749
2237
2360
2284
2693
2382
2584
2451
1983
2194
2204
2070
2394
2250
2739
1725
2463
2234
2287
2477
2133
2654
2289
2188
2314
2565
2323
2621
2434
2588
2799
2315
2447
1931
2345
2566
2491
2110
2375
1946
2038
2699
2801
2347
2702
2938
2579
2885
2892
2654
2555
2355
2615
2078
2284
2231
2889
2490
2265
2369
2176
2348
2190
2579
2496
2445
2457
2582
2247
2242
2515
2650
2263
2502
3355
1894
2121
2346
2815
2661
2577
2684
2368
2644
2349
2630
2474
2337
2053
2556
2393
2239
2757
2377
2837
2313
2726
2203
2183
2526
2676
2670
2559
2435
2522
2525
2314
2407
2765
2136
2072
2020
2541
2450
2299
2451
2226
1787
2239
2533
2278
2176
2143
2381
2439
2527
2413
2162
2141
2667
2436
2358
2518
2700
2176
2275
2187
1993
2883
2679
2364
2604
2263
2795
2502
2406
2296
2376
2674
2384
2850
2319
2284
1994
2506
2377
2391
2295
2159
1964
2472
2554
2374
2256
2272
2632
2059
2014
2971
2347
1907
2416
2107
2265
2618
2262
2356
2945
2532
1857
2487
2607
2667
2238
2615
2271
2601
2248
2413
2929
2069
2221
1826
2166
1818
2198
2307
2600
2140
2339
2112
2500
2317
2507
2298
2181
2242
2266
2319
2258
2529
2169
2344
2775
2394
2431
2474
2637
2091
2629
2375
2796
2404
2275
2713
2306
2622
2045
2330
2229
1954
2207
2098
2579
2342
1811
2436
2256
2404
2377
2185
2571
2422
2634
2495
2418
2218
2472
2575
2320
2676
2377
2384
2329
2295
1967
2526
2523
2474
2443
3061
2383
1916
2332
2318
2410
2520
2347
2368
2354
2404
2673
2277
2852
2317
2490
2320
2501
2083
2838
1976
2382
2009
2309
2544
2645
2106
2148
2803
2423
2131
2345
2278
2563
2213
2427
2361
2860
2174
2400
1723
2048
1895
2487
2559
2025
2345
1985
2263
2002
2729
2291
2515
2586
2086
2289
2500
2388
2879
2486
2901
2705
2157
2856
2433
2748
3129
2340
2594
2505
2620
2653
2119
2625
2386
2160
2561
2800
2527
2522
2585
2526
2370
2360
2570
2119
2110
2352
2214
2161
2113
2434
2064
2604
1949
2924
1961
1999
1769
2445
2264
2563
2198
2447
1883
2241
2503
2520
2344
2273
2524
2511
2354
2000
2387
2256
2456
2013
2309
2176
2650
1956
2353
2323
2464
2437
2298
2758
2162
2447
1819
2155
2292
2406
1862
2334
2224
2398
2662
2664
2675
2288
2845
2340
2666
2717
2238
2729
2423
2074
2422
2615
2539
2658
2628
2557
3061
2440
2304
2362
2321
2561
3016
2520
2559
2434
2369
2513
2492
2111
2436
2514
2484
2347
2588
2219
2678
2675
2496
2382
2176
2352
2620
2037
2607
2263
2354
2492
2749
2871
2031
2595
2730
2007
2545
2416
2712
2467
2230
2277
1961
2374
2360
2431
1910
2107
2461
2677
2637
2420
1883
1954
2072
2488
2595
2656
2773
2364
2464
2581
1989
2779
2623
2594
2654
2479
2340
2359
2468
2562
1979
2268
2183
2460
2544
2414
2491
2355
2434
2262
2230
2398
1606
2907
2541
2338
2985
2364
2715
2504
2315
2123
2189
2284
2396
2236
2215
2287
2843
2266
2474
2025
2082
2054
2830
2473
2375
2269
2434
2356
2186
2953
2636
2418
2363
2327
1927
2316
2350
2123
2142
2570
2549
2123
2649
2523
2891
2258
2377
2791
1955
2541
2469
2064
2515
2261
2751
2329
2597
2423
2363
2488
3075
2174
2738
2325
2318
2479
2594
2124
2682
2353
2364
2709
2587
2683
2365
2486
1882
2497
2072
2320
2218
2808
2266
2306
2032
2165
2063
2186
2057
2212
2523
2194
1875
2908
2789
2661
2395
2792
2441
2358
2735
2660
2246
2608
2253
2134
2436
1972
2470
2384
2566
2477
2293
1605
2351
2645
2300
2448
2114
2595
2017
2468
2778
2518
2138
2449
2255
2205
1967
2321
1808
2355
1734
2134
1620
2418
1873
2339
2379
2773
2454
2474
2649
2221
2124
2436
2459
2320
2022
2290
2061
2650
2305
2285
2171
2259
2201
2293
2315
2196
2660
1750
2280
2657
2406
2286
2706
2621
2432
2149
1918
2396
2428
2458
2225
2599
2153
2925
2718
2900
2508
2713
2620
2357
2474
2156
2289
1986
2629
2233
1860
2473
2552
2529
2490
2761
2610
2895
2383
2545
2087
2334
2533
2833
2786
2388
2581
2350
2972
2506
2050
2315
2233
2586
2247
1931
2185
2376
2325
2475
2156
2583
2255
2697
2661
2503
2305
2499
1774
2442
2468
2621
2306
2472
1986
1950
2475
1940
2353
2000
2280
2024
2746
2313
2659
2267
2328
2261
2466
2381
2769
2282
2177
2274
2277
2288
2640
2212
2512
2210
2443
2010
2256
2550
2455
2421
2691
2530
2165
2558
2453
1879
2399
2441
2314
2423
2467
2231
2250
2551
2558
2382
2211
2104
2464
2108
2978
1968
2297
2753
2759
1968
2586
2721
2628
2674
2907
2436
2656
2565
2404
2171
2676
2346
2533
2498
2309
2386
2070
2354
2543
1866
2458
2325
2189
2062
2190
2258
2373
2173
2325
2451
2550
2383
2188
2605
2252
2122
2388
2715
2684
2281
2207
2242
2711
2622
2941
2338
2292
2279
2224
2163
1938
2761
2347
2133
2793
2527
2331
2207
2169
2866
1983
2453
2407
2577
3416
2819
2395
2815
2428
2680
2223
1951
1962
2268
2217
2472
2104
1830
2267
2229
2138
2648
2356
2311
2125
2429
2069
2256
2177
2053
2223
2284
2122
2347
2195
2104
2234
2419
2146
2239
2483
2585
2162
2358
1845
1937
2559
1886
2413
2383
2221
2280
2346
2909
2280
2057
2425
2273
2446
2454
2381
2188
2178
2320
2540
2578
2095
2271
2457
2259
2309
2462
2166
2765
2649
2249
2627
2641
1901
1926
2231
2494
2249
2247
2284
2649
1851
1798
2875
1825
2570
2276
1875
2329
2076
2730
2296
2573
2722
2550
2552
2035
2272
1997
2583
2565
2573
2255
2506
2142
2188
2243
2702
2204
2333
2533
2556
2541
2465
2321
2617
2595
2308
2072
2759
2402
2133
2675
2060
1929
2053
2303
2088
2070
2731
2351
2180
2731
2425
2595
2292
2118
2268
2611
2617
2355
2554
2055
2015
2328
2361
2059
2093
2522
2011
2345
1935
1892
2117
2328
2102
2307
2423
2479
2033
2319
2665
2536
2221
2510
2323
2306
2424
2619
2719
2146
2275
2234
2345
2168
2127
2137
2434
2202
1984
2383
2096
2012
2547
2275
1888
2396
2551
2247
2595
2390
2314
2565
2152
2544
2171
2302
2477
2234
2557
2112
2605
2333
2483
2360
2562
2587
2202
2087
2289
1881
2728
2551
2611
2638
2604
2884
2574
2481
2471
2527
2561
2750
2522
2868
2491
2510
2790
2104
2367
2362
2096
2301
2331
2041
2005
2621
2545
2017
2644
1902
2294
2500
2672
2412
2230
2680
2179
2568
2370
2486
2220
2477
2448
2446
2679
2322
2787
2602
2350
2894
2159
2272
2542
2631
2342
2439
2495
2138
2364
1884
2285
2564
1979
2189
2184
2529
2665
2548
2319
2584
2384
2692
2756
2816
2415
2817
2545
2476
2456
2166
2079
2096
2448
2041
2390
2421
2413
2409
2562
2039
1756
2320
2821
2576
2415
2723
2406
2190
2642
2391
2357
2531
2480
2328
2421
2531
2408
2159
2684
2485
2397
2757
2282
2834
2548
2520
2574
2318
2224
2324
2793
2292
2043
2337
2253
2737
2211
2314
2186
2823
2363
2330
2559
2696
2564
2200
1938
2256
2464
2305
2208
3095
2331
2116
2481
2699
2936
2684
2643
2389
2518
2733
2563
2288
2792
2304
2236
2289
3106
2405
2483
2549
2478
2313
2259
2256
2258
2732
2495
2512
2512
2439
2856
2313
1959
2692
2165
2444
2265
2159
2209
2337
2329
2069
2062
2113
2278
1776
2509
2611
2691
2400
2814
2013
2304
2391
2324
2079
2260
2351
2727
2235
2362
2275
2508
2699
2267
2564
2355
2670
2816
2026
1965
1704
1724
1929
2249
2666
2036
1987
2205
1999
2326
2415
2791
2453
2254
2329
2223
2460
2644
2212
2363
2439
2438
2656
2315
2662
2472
2212
2119
2836
2581
2508
2436
2409
2743
1799
2624
2454
2541
2477
2205
2399
2673
2635
2524
2638
2301
2438
2204
2284
2177
2387
2277
2102
2429
2342
2153
2445
2476
2323
2283
2774
2425
2615
2568
2869
2838
2567
2685
2680
1971
2361
2283
2222
2869
2186
2581
2170
2223
2203
2381
2350
2305
2381
2411
2627
2431
2112
2062
2132
2483
2262
2644
2547
1905
1983
2575
2576
2307
2737
2480
2324
2497
2606
2435
2075
2275
2753
2043
1765
2351
2079
2115
2291
2115
1909
2569
1764
2633
2429
2014
2386
2340
2578
2008
2486
2360
2325
2265
2331
2691
2319
2241
2188
2822
1941
2080
2074
2390
2438
2342
1817
2704
2354
2718
2066
2568
2445
2398
2135
2580
2032
2367
2285
1965
2024
2293
2701
2606
2552
2271
2001
2455
2603
2651
2580
2232
2400
2124
1562
2192
2203
3055
2595
2752
2704
2352
2480
2451
1979
2604
2359
2409
2368
2486
2411
1674
2144
1796
2802
2460
1985
2828
2145
2406
2699
2178
2425
2098
2281
2071
2244
2221
2239
2194
2224
2299
2501
2450
2473
2270
1982
2181
2062
2018
1991
2151
2268
2480
2052
2331
2483
2450
2427
2198
1891
2209
2197
2039
2025
2402
2582
2170
2435
2434
3060
2543
2142
2363
2461
2421
2230
2502
2242
2619
2783
2028
2573
2257
2695
2758
2115
2496
2324
2100
2501
2157
1978
1971
1572
2574
2246
2769
2688
2543
2155
2860
1927
2111
2815
2383
2609
2822
1918
2039
2603
2530
2797
2408
2785
2202
2250
2148
2755
2801
2780
1979
2600
2524
2693
2796
2788
3283
2571
2389
2268
2623
2507
2072
2321
2688
2205
2611
2762
2236
2484
2730
2195
2253
2618
2319
2331
2388
2255
2348
2265
2637
2251
2365
2495
1776
2182
2167
2705
1766
2210
2275
2441
2318
2071
2405
2107
2171
2638
2440
2325
2407
2604
2476
2570
2508
2485
2205
2395
2794
2512
2230
2584
2712
2150
2232
2677
2469
3031
2544
2652
2669
1979
2796
2541
2361
2583
2572
2579
2621
2370
2471
2490
2283
2635
2558
1656
2578
2200
2176
2168
2310
2109
2265
2757
1921
2410
2644
2462
2460
2577
2561
2768
2383
2095
2535
2276
2220
2519
2346
2270
1821
2319
2093
2667
2506
2267
2246
2597
2340
2529
2225
2549
2447
1784
2337
2415
2377
2484
2911
2231
2774
2574
2964
2460
2539
2366
2483
2629
2216
2686
2356
2610
2728
2379
2506
1999
2423
2098
2437
2268
2345
2315
2325
2513
2573
2457
2494
2152
2644
2350
2436
2472
2243
2508
2157
2303
2299
2536
2254
2011
2469
2198
1924
2567
2202
2375
2569
2273
1870
1950
2184
2291
2437
2271
2328
2206
2119
2760
2483
2554
2457
2067
1885
2160
2575
2246
2021
2454
2253
2154
2110
2241
2389
2376
2106
2602
2400
2183
2504
2106
2066
2415
2202
2022
2455
2278
2107
2438
2187
1811
2193
3078
3015
2217
2469
2594
2892
2644
2503
2644
2199
2675
2511
2098
2384
2038
2187
1950
2077
2008
2454
1938
2074
2116
2145
1812
2301
2205
2341
2138
2945
3020
2532
2625
2961
2865
2659
2637
2479
2933
2684
2693
1789
2368
2298
2860
2567
2347
2413
2266
2102
2223
2179
2397
2641
2923
2410
2533
2535
2654
2334
2628
2169
2592
2356
2273
2395
2183
2183
2614
2260
2509
2099
2464
2462
2479
2162
2459
2295
2249
2509
2294
2704
2113
1935
2474
2268
2516
2702
2288
2485
2114
2103
2861
2156
2398
2372
2799
2653
2119
2423
2802
2756
2569
2686
2422
2270
2876
2137
2632
2031
2512
2345
2533
2564
2424
2400
1963
2114
2522
2112
2461
2049
1987
2573
2014
1991
1777
2068
1975
2067
2339
2915
2250
2501
2902
2742
2857
2739
2731
2737
2734
2527
2603
2506
2581
2352
2269
2787
2361
1703
2544
2777
2537
2547
2132
2380
2287
2474
2649
1952
2794
2514
2180
2326
2048
2497
2429
2988
2353
2250
2368
2317
2460
2541
2218
2046
2435
1960
2955
2652
1933
2391
2201
2489
2139
2458
2597
2358
2502
2443
2325
2332
2472
2590
2084
2346
2565
2292
1842
2685
1935
2105
2147
2028
2071
2194
2298
2644
2345
2225
2240
1769
2218
2276
2551
2258
2029
2902
2369
2715
2725
2537
2264
2162
2404
2139
2340
2307
2231
2184
2842
2543
2298
2483
2580
2562
2482
2422
2811
2366
2446
2482
2447
2026
2271
2440
2251
2119
2150
2039
2507
2868
2322
2197
2476
2268
2386
2202
1862
1851
2359
2058
2307
2572
2824
2373
2735
2466
2281
2453
2380
2447
2181
2712
2096
2148
2739
2269
2350
2390
2155
2310
2380
2324
1864
2443
2178
2339
2512
2602
2907
2410
2626
2813
2745
2319
2277
2794
2689
2368
2620
2255
2591
2556
2116
2239
2243
2442
1871
1980
2324
2374
2440
2272
2224
2190
2154
2157
2265
2023
2526
2422
2010
2521
2080
3093
2257
2414
2143
2676
2465
2460
1906
2115
2470
2683
2208
2426
2402
2166
2334
2737
2337
2558
2193
2591
2626
1931
2257
2064
2447
2807
2536
2010
2401
2230
2374
2398
2534
2697
2616
2366
2196
2081
2609
2062
2400
1999
2744
2492
2699
1930
2539
2215
2432
2690
2444
2371
2422
2410
2368
2361
2401
2041
2607
2398
2086
2068
2478
2371
2439
2428
2423
2127
2450
2893
2685
2842
2543
2887
2513
3010
2565
2566
2627
2161
2275
2777
2225
2675
2228
2174
2498
2390
2148
2558
2387
2278
2546
2053
2041
1872
2005
2009
2742
1944
2646
2418
2211
2537
2460
2414
2808
2804
2496
2200
2658
2740
2397
2471
2385
2129
1970
2198
2547
2586
2167
2493
2685
2522
2807
1901
2342
2247
2365
2724
2137
2515
2170
2214
2576
2917
2519
2443
2287
2217
2570
2713
2546
2732
2229
2030
2346
2356
2187
2205
2386
2746
1888
2571
1939
2471
2098
2176
2132
2412
2529
2387
2289
2407
1917
2163
2609
2457
2408
2814
2159
2197
2744
2394
1998
2702
2526
2716
2497
2002
2296
2228
1910
2639
2284
2502
2600
1945
2406
2723
2035
2363
2282
2536
2455
2662
2305
2968
2208
2070
2374
2375
2366
2515
2505
2647
2821
2044
2491
2648
2116
2381
2256
2146
2206
2126
1887
2088
2351
2124
1972
2554
2649
2335
2333
2288
2767
2718
3116
2539
3041
2517
2590
2532
2300
2504
2044
2119
2421
2782
2373
2553
2458
2318
2619
2374
2411
2224
2267
1691
2145
2547
2692
2245
2374
2472
2742
2438
2551
2633
2203
2551
2536
1992
2458
2444
2476
2439
2396
2561
2347
2765
2431
3065
2713
2253
2621
2427
2744
1782
2338
2706
1801
2450
1859
2166
2173
2380
2119
2138
2288
2701
2436
2404
2599
2598
2624
2608
2682
2595
2713
2662
2261
2815
2472
2579
2601
2430
2605
2708
2449
2272
2588
1852
2610
2742
1908
2514
2404
2965
2819
2448
2716
2535
2365
2231
1978
2842
2036
2246
1986
2511
2223
2466
2665
2445
2211
2590
2774
2596
2403
2439
1962
2598
2108
2194
2418
2331
2268
2563
2525
2023
2097
2033
2065
2757
2658
2342
2383
2586
1894
2534
2468
2453
2327
2617
2181
2586
2603
2514
2388
2007
1868
2310
2087
1958
2527
2237
2292
2275
2178
2228
2289
2665
1917
2518
2031
2069
2449
2014
2529
2175
2537
2451
2354
2123
2464
2574
2508
2309
2358
2393
2616
2624
2484
1935
2508
2642
2465
2170
2321
2137
1946
2318
2233
2550
2418
2825
2471
2247
2514
2213
2016
2587
2344
2373
2546
2412
2201
2051
1860
2546
2984
2487
2558
2930
2884
2506
2451
3012
2400
2290
2458
2338
2457
2014
2514
2924
2016
2526
1968
2314
2597
2440
2628
2746
2583
2471
2575
2391
2350
2727
2252
2391
2459
1787
2276
2387
2456
2564
3000
2184
1878
2249
2436
2622
2393
2791
2050
2309
2210
2303
2187
2391
2069
3153
2213
2352
2476
2379
2780
2398
1950
2638
2234
2074
2172
2802
2500
2412
2499
2656
2323
2617
2537
2418
2528
2327
2624
2680
2551
2533
2910
2194
2760
2077
2451
2332
2415
2165
2074
2530
2260
2178
1743
2117
2278
2544
2334
2140
2145
2364
1841
2039
2500
2525
2241
2236
2319
2226
2425
2400
1984
2402
2175
2281
2422
2298
2105
2141
2374
2289
2395
2265
2302
2227
1734
2157
2398
2414
2644
2015
2409
2184
2352
2203
2688
2377
2478
2463
2251
2414
2703
2462
2602
2264
2694
2532
2550
2277
2422
2222
2380
1799
2719
2766
3013
2503
2975
2560
2568
2537
2405
2278
2215
2275
2405
2317
2413
2596
2686
1776
2608
2275
2250
2345
2209
2432
2606
2432
2919
2414
2475
2657
2825
2679
2224
2275
2524
2301
2124
2889
2712
2167
2730
2529
1865
2056
2692
2859
2800
2297
2164
1743
2282
2216
2385
2065
2348
2418
2887
2519
2510
2897
2911
2297
2440
1800
2490
2430
2032
2379
2377
2286
2138
2395
2227
2105
2052
2690
2372
2803
2460
2482
2506
2269
2221
2623
2222
2883
2947
2709
2707
2261
2215
2251
2249
1997
2373
2439
1937
2255
1943
1976
2101
2070
2114
2428
2777
2593
2740
2424
2832
2783
2097
2600
2072
2576
2627
2614
2742
2687
2424
2461
2524
2543
2121
1997
2618
1984
2284
2097
2595
2112
2589
2170
2474
2512
1712
2213
2203
2453
2181
2339
2434
2474
2527
2060
2617
2463
2548
2766
2062
2258
2080
2658
2451
2211
2508
2905
2369
2531
2327
2434
2184
2228
2099
2653
2263
2221
2832
2173
2557
2418
2787
2486
2657
2780
2985
2285
2463
2679
2348
2480
2609
2520
1970
1982
2483
2118
2242
2359
2208
2732
2333
2309
2653
2262
2430
2460
2106
2252
2259
2221
2166
2467
2493
2417
2532
2411
2522
1964
1979
2385
1972
2572
2044
2223
1901
2226
2417
1980
2250
2436
2810
2177
2426
2430
2669
2220
2667
2504
2719
2553
2657
2461
2144
2774
2507
2382
2497
2296
2315
2238
2134
2449
2752
2292
2461
2063
2561
2329
2402
2347
2135
2590
1944
2030
2546
2327
1809
2215
2416
2348
2560
2326
2685
2076
2620
2629
1934
2802
2217
2216
2382
2515
2646
2354
2330
2551
2131
2443
1899
2562
2191
2529
2268
2584
2184
2648
2299
2241
2248
1966
2521
2568
1688
2439
2640
2476
2171
2746
2418
2360
1715
2341
2297
2585
2024
2181
1962
2452
2444
2781
2358
2577
2593
2626
2314
2498
2297
2617
2017
2833
1928
2663
2510
2361
2207
2177
2232
2012
2076
2492
2551
2462
2122
2614
1973
2342
2426
2723
2375
2712
2515
2302
2653
2178
2144
2276
2067
1964
2610
2181
2375
2274
2344
1986
1935
2169
2134
2567
2311
2539
2361
2455
2312
2473
2412
2249
1800
2159
2443
2323
2436
2150
2318
2691
2726
2491
2687
1940
2242
2496
2567
2467
2580
2837
2541
2265
2239
2046
2000
2546
2491
2475
2412
2275
2269
1975
2615
2474
2844
2377
2850
2382
2014
2528
2198
2571
1600
2517
2223
2179
2254
2576
2148
2010
2276
2185
2095
1957
2396
2598
2515
2322
2444
2615
2108
2603
2425
1959
2389
2610
2547
1974
2250
2673
2006
2389
2444
2263
2479
2306
2130
2269
2759
2354
2457
2196
2676
1831
2418
2227
2013
2607
2741
3093
2562
2823
2395
2125
2674
2717
2532
2516
2763
2427
2547
2516
2374
3028
2496
2070
2594
2552
2666
2149
2279
2537
2544
2536
2062
2479
2191
2458
2608
2181
2308
2359
2202
2578
1859
2572
2668
2827
2052
2777
2615
2103
2423
2886
2277
2211
2556
2200
2517
2072
2391
2301
1916
1931
2160
2091
2399
2038
1910
2218
2144
2499
2242
2575
2167
2088
2458
2506
2500
2349
2337
2459
2542
2285
2483
2479
2490
2536
1754
2166
2661
1737
2303
2355
1949
2379
2402
2277
2143
2556
2444
2457
2189
2012
3059
2237
2336
2425
2241
2675
2436
2008
2094
2426
2323
2362
2348
2614
2395
2430
2153
2187
1827
2368
2529
2168
2774
2766
2599
2246
2269
2219
2066
2442
2042
1962
1584
2292
2757
2241
2278
2359
2491
2334
2179
2355
1898
2626
2446
2039
2278
2294
2667
2291
2081
2153
1970
1932
2548
2135
2449
2048
1844
2128
2199
2541
2075
2676
2640
1913
1948
2265
2226
2255
2298
2422
2902
2152
2274
2247
2052
1978
2519
2506
2372
2499
2353
2495
2216
1882
2172
1706
2354
2459
2075
2690
2704
1849
2548
2784
2122
2802
3141
2079
3034
2438
2812
2284
2874
2668
2283
2761
2490
2472
2635
2396
2308
2591
2881
2552
2252
2264
2421
2257
2561
2283
1696
2250
2157
2716
2334
1682
2222
2730
1974
2203
2485
2696
2598
2660
2007
2226
2111
2400
2619
2437
2498
2284
2304
2804
2181
2354
2142
2197
2329
2448
1829
2154
1978
2064
2366
2426
2233
1957
1883
2262
2187
2029
2478
2635
2355
2487
2591
2531
1864
2243
2318
2017
2460
2453
2299
2419
2350
2139
2645
2113
1893
2548
3022
2835
2430
2206
2757
2152
2300
2413
2004
2690
2402
2035
1927
2277
1585
2392
2556
2267
2788
1946
2329
2045
2420
2157
2600
1988
2011
2165
2356
2467
2059
2401
1990
2165
1948
2601
2317
2139
2426
2630
2650
2512
2173
2050
2327
2186
2444
2563
1943
2143
2228
2026
2401
2570
2465
2178
2191
2070
2230
2125
2254
2646
2504
2211
2182
2100
2021
2502
1933
2248
1873
2625
2607
2287
2769
2310
2593
2438
2423
2170
2563
2812
2659
2621
2477
2325
2321
2371
2530
2513
2183
2571
2653
2294
2353
2494
2648
2284
2185
2807
2470
2367
2305
1695
2198
1918
1973
2519
2154
2035
2307
2417
2759
2661
2620
2583
2659
2576
2332
2496
2174
2250
2425
2718
2653
2343
2318
2138
2658
2240
2701
2332
2418
1994
2851
2164
2149
2104
2208
2518
2377
2661
2072
2171
2301
2515
2521
2446
2317
3007
2565
2419
2723
2423
2585
2595
2844
2345
2399
2308
2208
2456
2724
2591
2379
2671
2216
2434
2544
2813
2401
2724
2543
2470
2283
2592
2709
2720
2385
2220
1964
2493
2282
2468
2567
2660
2496
2497
2651
2971
2608
2615
2945
2487
2495
2209
2638
2510
2767
2417
2453
2439
2647
2735
2502
2118
2310
2298
2356
2482
2528
2462
2369
2258
2109
1935
2151
2562
2200
2916
2325
2250
2098
2496
2367
2199
2524
2236
2126
2195
2508
1985
1982
2267
2312
2423
2548
2302
2647
2525
2977
2148
2644
2570
2392
2635
2559
2477
2636
2660
2535
2380
2704
2448
2252
2367
2572
2175
2289
2085
2322
2222
2694
2944
2368
2401
2564
2415
2445
2330
2383
2653
2272
2280
2648
2420
2629
2355
2477
2884
2316
1808
2549
2541
2578
2457
2256
2657
2284
2472
2424
2262
3021
2729
3060
2571
2115
2404
2130
2463
2642
2617
2327
2384
2419
2407
2324
2397
2089
2281
2004
2018
1877
2238
2484
2244
2025
2490
2029
2640
2394
2321
2681
2339
2281
2429
2486
2423
2094
2391
2501
2281
3128
2490
2417
2649
2814
2152
2696
2006
2304
2959
2346
2297
2500
2326
2482
2480
2094
2560
2750
2509
2622
2418
2724
2588
2757
2438
2468
2264
2338
2140
2471
2396
2421
2862
2456
2799
2388
2241
2078
2507
2641
2311
2661
2354
2396
2375
2471
2401
2890
2417
2540
2892
2174
2297
2424
2257
2591
2232
2207
2202
1834
2408
2057
2771
2493
2345
2221
2419
2463
2333
2484
2083
2222
2819
2951
2555
2475
2519
2346
2624
2631
2440
2647
2609
2243
2312
2682
2668
2559
2370
2292
2166
2493
2385
2258
2279
2503
2568
2313
2505
2472
2421
2423
2157
2257
2468
2811
2452
2434
2453
2464
2377
2009
2332
2549
3004
2895
2747
2475
2529
2501
2498
2524
2651
2792
2541
2690
2719
2410
2227
2076
2204
2030
2420
2386
1882
2679
2312
2230
2336
2274
2709
2500
2235
2300
2596
2025
2230
2396
2514
2423
1622
2832
2469
2757
2479
2424
2925
2961
2945
2231
2335
2324
2427
2157
2334
2643
2390
2484
2771
2826
2515
2372
2149
2192
2414
2573
2357
2039
2281
2081
2222
2344
2444
2341
2841
2349
2402
2810
2238
2622
2579
2385
2728
1949
2371
2077
2476
2004
2464
2317
2303
2474
2594
2501
2028
2746
2277
2646
2344
2510
2237
3004
2373
2401
2468
2291
2439
2184
2257
2164
2464
2385
2227
2496
2056
2053
2047
2074
2817
2231
2315
2297
2174
2172
2348
2667
2335
2251
2251
2384
2465
2855
2366
2179
2494
2055
2602
2498
2480
1881
2376
2213
2301
2621
1732
2799
2604
2610
2138
2318
1936
2309
2274
2216
2121
2099
2576
2339
2434
2480
2357
2480
2935
2574
3018
2200
2447
2867
2809
2878
2618
2323
2544
2664
1963
2376
1734
1931
2275
2528
2044
1821
2021
2189
2635
2191
2223
2383
2389
2561
2312
2104
2905
2401
2355
2668
1949
2548
2760
2563
2336
2410
2353
2058
2182
2413
2205
2068
1860
2097
2201
1922
2193
2677
2431
2530
2264
1484
2260
2175
2788
2432
1934
2447
2019
2138
2261
2138
2539
2176
1996
2240
2042
2138
2165
2420
2511
2385
2138
2097
2033
2640
2384
2403
2242
2254
2205
2111
2722
2695
2546
2463
2903
3138
2448
2536
2864
2382
2152
2373
2221
2074
2304
2609
2298
2206
1783
2006
2319
2179
2506
2300
2568
2594
2142
2489
2746
2594
2422
2513
2415
2465
1951
2350
2447
2047
2080
2228
2150
2303
2168
2132
2317
2401
2304
2092
2519
2249
2552
2177
2255
2323
2180
2615
2144
2137
2329
2065
2798
2645
2893
2000
2309
2422
2099
2546
1965
2148
3023
2693
2261
2442
2529
2893
2061
2370
2127
2718
2448
2388
2543
1966
2020
2301
2296
2390
2383
2281
1868
2269
2123
2104
2345
1708
2689
2257
2271
2202
2356
2461
2547
2285
2767
2454
2115
2385
2230
3147
2486
2697
2343
2293
2308
2817
2482
2198
2424
2298
2123
2574
2498
2422
2340
2365
2081
2375
2725
2452
2689
2375
2447
2372
2393
2412
2594
2605
2172
2205
2841
2678
2705
2496
2452
2596
2336
2532
2326
2588
2665
2250
2591
1934
2271
2263
2081
1953
2361
2499
2295
2285
2006
2313
2115
2143
1935
2378
2527
2349
2055
2101
2175
2322
1910
2274
1553
2658
2146
2246
2231
2198
2307
2125
2097
2306
1933
2155
2420
2513
2268
2535
2302
1939
2165
2591
2314
2178
2317
2612
2139
2484
2441
1942
2323
2493
2414
2660
2900
2471
2259
2501
2630
2394
2425
2562
2397
2308
2671
2887
2201
2623
2268
2114
2152
1819
2140
2281
2130
2642
2943
1996
2393
2288
2294
2632
1938
2385
2332
2246
2485
2631
2160
2333
2758
2411
2079
2210
2328
2202
2395
2299
2316
2365
2822
2313
2614
2068
2100
1887
1942
1963
2497
2283
2031
2028
2503
2004
2064
2153
2565
2303
2111
2510
2413
2104
2753
2317
2418
2527
2319
2817
2241
2648
2258
2180
2056
2072
2471
2082
2146
2352
2195
2485
2624
2321
2452
1839
2430
2539
2743
3083
2317
2593
1742
1919
2452
2309
2208
2666
2478
2225
2340
2399
2283
2419
1826
2162
2516
1877
2345
2450
2436
2233
1901
1883
2173
2223
2109
2643
1913
2331
2316
2601
1989
2086
2348
2392
2289
2540
2861
2324
2077
2284
2662
2329
2692
2501
2306
2497
2674
2663
2511
2705
2567
2394
2578
3095
2167
2339
2542
2413
2429
2395
1833
1784
2541
2537
2276
2435
2140
1982
2829
2380
2794
2306
2211
2629
2403
2177
2086
2102
2088
2331
2331
2155
2230
2508
2272
2817
2082
2301
2444
2715
2246
2113
2290
2797
2454
2536
2445
2132
2358
2812
2518
2529
2653
2582
2329
2288
2574
2589
2479
2486
3013
1835
2823
2417
2420
2684
2909
2317
2230
2333
2236
2392
2520
2551
2598
2837
2643
2797
2530
2519
2483
2243
2469
2578
2069
1922
2125
2452
2765
2462
2737
2241
1886
2771
2263
2359
2234
2331
2161
2503
1892
2394
2420
2485
2444
2763
2471
2497
2260
2106
2619
2811
2223
1912
2248
2084
2162
1913
1991
2200
2126
2727
2640
2194
2493
2642
2563
2472
2296
2742
2816
2389
2389
2229
2538
2420
2404
2688
2508
2158
2335
2482
2132
1903
2249
2388
2130
1987
2515
2331
2358
2349
2440
3214
2633
2595
2524
2617
2259
2532
2750
2376
1714
2613
2251
2880
2363
2337
2504
2323
2303
2035
2298
2261
2545
2232
2478
2197
2733
2473
2687
2212
1820
2759
2142
2598
2301
2112
2379
2428
2535
1848
2475
2441
2613
1966
2130
2355
2453
2393
2346
2061
2617
2372
2500
2165
2051
2119
2062
2010
2465
2625
2382
2168
1779
2414
2188
2281
2547
1892
2645
2063
2471
2362
2226
2296
2230
2258
1859
2169
2167
2239
2163
2032
2418
2622
2542
2357
2331
1952
2551
2213
2403
2201
2107
2372
2396
2262
2190
2508
2844
2141
2602
2127
2640
1773
2456
2056
2279
2576
2351
2282
2385
2515
2192
2767
2068
2714
2376
2625
2025
2534
2356
2753
2338
1894
2168
2375
2893
2698
2721
2953
2169
2238
2296
2188
2079
2187
2202
2348
2848
2567
2365
2346
2445
2795
2661
2307
2384
2391
2534
2528
2258
2342
2097
2476
2222
2390
2295
2435
2127
2679
2179
2367
2420
2654
2615
2403
2481
2480
2635
2167
2462
2528
2275
2469
2309
2688
2186
2587
2662
2632
2446
2090
1993
2634
2452
2653
2594
2066
2830
2631
2435
2475
2485
2453
2581
2654
2527
2392
2593
2643
2894
2245
2307
2803
2726
2500
2031
2089
2910
2548
2413
2945
2265
2636
2528
2337
2408
2255
2220
2414
1938
2268
2242
2128
1822
2226
2562
2348
2450
2154
2563
2275
2305
2103
1929
1887
2283
1933
2175
1982
2417
2387
2553
2103
1908
1767
1857
2647
2009
2435
2226
2541
1913
2461
2041
2257
2201
2419
2475
2213
2653
2406
2329
2174
2761
2431
2024
2705
2441
2717
2775
2045
2479
2208
2229
2213
2081
2248
2174
2496
2457
2539
2689
2638
2300
2701
2357
2391
1878
2075
2491
2084
2166
2047
2278
2508
2160
2784
2685
1800
2240
2225
2369
2463
2256
2300
2131
2294
2295
2356
2409
2351
2279
2303
2395
2022
2105
2424
2410
2407
2408
2302
2311
2326
2111
2415
2135
2748
2706
2723
2719
2427
2641
2524
2449
2268
2461
2319
2332
1934
2649
1937
2046
2413
2824
2502
2406
2352
2170
2169
2343
1735
2273
2151
2007
2422
2805
1927
1724
2438
2256
1973
2333
2243
2150
2545
2121
2396
2380
2526
2379
2468
2452
2131
2270
2752
2187
1942
2360
2430
2302
2160
2191
2114
2619
1808
2177
2803
2373
2069
2011
2063
1889
2039
1997
2291
2478
2471
2752
2698
2385
2387
2570
2319
2499
2112
2698
2245
2430
2506
2297
2013
2202
2257
2295
1770
2665
2350
2160
2044
2218
1967
1940
2377
2926
2372
2694
2498
1884
2575
2092
2199
2375
2295
2130
2557
2368
2202
2640
2654
2411
2620
2383
2537
2102
2053
2049
2396
2379
2814
2497
2105
2316
2231
1767
2600
2333
2192
1949
2671
2480
2546
2677
2780
2575
2376
2453
2469
2534
2159
1962
2219
2409
2185
2531
2279
1952
2269
2462
2433
2536
2455
2282
2841
2590
1864
2285
2364
2469
2345
2821
2674
2483
2440
2166
2635
2472
2656
2410
2319
2072
2555
2242
2399
2433
2406
2096
2388
2047
2451
2393
2392
2410
2309
2555
2342
2548
2380
2251
2349
2561
2526
2064
2291
2390
1928
2788
2568
2533
2153
2377
2115
1932
2296
2250
1825
2448
2430
2164
2095
2164
1874
2494
2659
2402
2032
2238
2351
2525
2447
2156
2526
2620
2221
2753
2550
2491
2114
2036
2793
2102
1837
2457
2372
2428
2412
2590
2323
2418
2130
1848
2619
2107
2200
2215
2161
2851
2656
2585
2185
2036
2282
2544
2500
2298
2494
2444
2395
2699
2323
2348
2326
2730
2405
1948
2204
2472
2699
2218
2323
2580
2585
2210
2375
2048
2229
2415
2979
2121
2326
2698
2128
2307
2270
2496
2508
2441
2075
2476
1850
2029
1927
2238
2325
2495
2670
2789
2434
2295
2130
2169
2537
2760
2410
2459
2352
2432
2645
2524
2619
2151
1992
2351
2408
2583
2785
2424
2822
2471
2577
2668
2637
2740
2091
2147
2407
2257
2385
2391
2382
2470
2322
1987
2393
2165
2526
2182
2557
2189
2563
2592
2162
2238
2352
2217
2313
2102
2111
2423
2847
1965
2537
2012
2114
2420
2790
2524
2606
2305
2576
2802
2319
2369
2640
2133
2307
2418
2195
1931
2296
2517
2434
2205
2801
2429
2368
2387
2041
2095
2155
2045
2650
2343
2162
2159
2293
2155
2144
1967
1797
2361
2145
2397
2238
2201
1939
2450
2404
2070
1833
2558
2247
2565
2803
2454
2563
2438
2048
2327
2105
2482
2223
2799
2551
2241
2830
2666
2095
2442
2824
2514
2041
2792
2941
2318
1844
2271
2443
2377
2277
2016
2454
2264
1980
2606
2474
2129
2637
2255
1911
1967
2606
2571
1932
2413
2184
2196
2196
2359
2269
2348
2180
2002
2175
2294
2463
1997
2330
2197
2177
2734
2780
2468
2869
2436
2287
2219
2527
2956
2931
2817
2880
2486
2972
2657
2457
2165
2902
2538
2204
2371
2550
2393
2652
2431
2177
2254
2448
2472
1874
2576
2059
2475
2245
2194
2662
2347
2187
2403
2174
2618
2153
2020
2490
1925
2387
2228
2007
2024
2413
2534
2550
2243
2164
2390
2168
2025
2125
2035
2067
2460
1962
1989
2922
2483
2858
2759
2831
2108
2265
2526
2294
2426
2680
2439
3046
2649
2446
2221
2288
2617
2086
2375
2759
2219
2292
2154
2333
2042
2515
2018
2415
2285
2109
1783
2344
2478
2293
2406
2129
2301
2248
1947
1896
2349
2536
2584
2335
2856
2337
2343
2524
2823
2188
2374
2573
2657
2308
2471
2341
2577
2266
2529
2200
2317
2291
2756
2467
2094
2358
2237
2529
2472
2809
2246
2605
2668
1972
2702
2506
2153
2403
2395
2551
2206
2378
2456
2325
2078
2254
2034
2318
2634
2099
2367
2586
1921
2840
2627
2597
2762
2122
2457
2195
2119
2300
2019
2328
2422
2168
2278
3029
2565
2683
3158
2553
2491
2773
2448
1719
2695
2147
2258
2749
2893
2465
2854
2417
2147
2675
2955
2481
2400
2195
2176
2131
1913
2040
2434
2286
2586
2575
2836
2589
2335
1866
2081
2566
2401
2379
2460
2547
2332
2347
2572
2138
2316
1852
2241
1552
2718
2030
2171
2507
2387
2053
2532
1948
2471
2474
3046
2465
2567
2126
2423
2674
2738
2699
2452
2771
2547
2543
2459
1760
2777
2382
2179
1839
2497
2573
2709
2234
2272
2061
2144
2337
2418
2385
2279
2377
2099
2225
2565
2249
2560
2353
2593
1959
2089
2220
2391
1992
2029
2051
2289
2487
2431
2596
2459
2544
2401
2245
2412
2378
2153
2353
2791
1905
2177
2101
2005
2910
2251
2327
2788
2427
2193
2798
2681
2643
2366
2694
2536
2124
2280
2559
2421
2510
2213
2105
2790
2331
2186
2157
2426
2218
2285
2194
2324
1779
2680
2021
2415
2561
2375
2307
2309
2399
2586
2411
2473
2177
2647
2257
2199
2521
2113
2601
2207
2148
2165
2363
2029
1868
2028
2120
2849
2240
2438
2456
1953
1990
2319
1964
2342
2247
2737
2316
2681
2567
2325
2491
2595
2704
2192
2604
2550
2261
2317
2663
2541
2093
2624
2611
2211
2153
2347
2455
2384
2505
1921
2647
2706
2554
2550
2288
2119
2162
2036
2460
2445
2126
1868
2402
2310
2265
2408
2695
2224
2739
2638
2141
2662
2606
2492
1936
2453
2496
2366
2316
2292
2282
2441
2553
2653
2710
2163
2847
2431
2396
2424
2536
2054
2351
2431
2197
2385
3082
2919
2517
2537
2423
3019
2345
2629
2181
2185
2397
2285
2368
2214
2404
2360
2473
2192
2515
2754
2115
2219
2407
2468
2210
2050
1805
2194
1934
2304
2203
2181
2022
2318
2084
2004
2570
2593
2585
2370
2348
2567
2294
2250
2123
2633
2081
2302
2385
2451
2533
2558
2750
2551
2158
2690
2305
2224
3035
2832
2262
2364
2679
2484
3097
2617
2561
2635
2345
2515
2416
2086
2308
2007
2401
2503
2754
2341
2394
2285
2484
2580
2346
2327
2390
1790
1695
1956
2368
2478
2625
2314
2619
2326
2417
2415
2154
2292
2464
2162
1670
2030
2124
2210
2189
2654
2158
2647
2450
2096
2547
2326
1654
2389
2499
2635
1761
2369
2677
2323
2224
2241
2674
2544
2368
2263
2150
2556
2163
2702
2518
2334
2352
1922
2150
1936
2481
2081
2418
2805
2496
2400
2103
2333
2496
2415
2270
2140
2075
2299
2417
2203
2418
2713
2418
2902
1737
2107
2380
2297
2404
2032
2418
2229
2493
2604
2570
2439
2577
2255
2083
2145
2009
2505
1963
2091
2273
2125
1973
2030
2734
2158
2825
2299
2410
2622
2252
1961
2041
2143
2069
1939
2805
2659
2635
2197
2260
2450
2804
2502
2239
2252
2990
2462
2426
2275
2190
2195
2382
2197
2864
2355
2129
2063
2977
2529
2547
2410
2292
2668
2399
2157
2822
2052
2523
2506
2602
2565
2475
2526
2653
2749
2363
2689
2248
2533
2272
2516
2414
2832
2724
2105
1856
2349
2446
1970
2481
2405
2253
1737
2672
2114
2063
2184
2361
2238
2044
2367
2038
2626
2736
2441
2525
2416
1952
2543
2118
2129
2426
2768
2615
2391
2404
2118
2179
2438
2721
2683
1880
2203
2672
2124
2118
2524
2388
2361
2738
2826
2214
2282
2613
2166
2191
2117
2534
2051
2581
2504
2485
2112
2200
2622
2629
2500
2566
2360
2579
1889
2514
2395
2357
2400
2294
1955
2240
2491
2114
2250
1537
2420
2006
2638
2836
2425
2386
2970
2779
2366
2602
2455
2731
2239
2037
2631
2121
2308
2180
2535
2394
2087
2552
2707
2800
2309
2294
2571
2822
2215
2712
2248
2634
2377
2027
2248
2513
2410
2833
2242
2349
2489
2620
2501
1931
2146
2268
2729
2302
2513
2443
1878
2834
2321
2500
2407
2458
2371
2398
2642
1982
2023
2482
1937
2297
2139
2228
2270
2334
2492
2375
2578
2646
2054
2266
2557
2469
2005
1900
2493
2011
2216
2529
2210
2430
2511
2614
2144
2544
2420
2012
2130
2388
2652
2062
2245
2204
2892
2617
2036
2304
2451
2477
2405
2514
2263
2325
2166
2647
2374
2411
2207
2461
2740
2771
2542
2561
2091
2446
2512
2761
2478
2192
2591
2454
2107
2474
2391
2620
2112
2624
2192
2052
2154
2411
2207
2533
2446
2576
2185
2543
2403
2577
2571
2520
2537
2170
2452
2410
2431
1986
2636
1815
2432
2709
2673
2600
2337
2356
2281
2781
2379
2667
1962
2410
2795
3033
2341
2687
2056
2514
2481
2275
2591
2042
2532
2721
2273
1928
2364
2448
2058
2611
2590
2449
2436
2551
2165
2363
2833
2625
3081
2323
2355
2494
2089
2139
2543
2264
1910
1782
1846
2216
2330
2175
1926
2054
2251
2136
2107
2476
2354
2357
2417
2120
2526
2362
2364
2235
2544
2486
2706
2603
2082
2063
2173
2126
2795
2633
2347
2714
2674
2591
2527
2235
2587
2235
2247
2461
2577
2419
2120
2250
2151
2407
2032
2449
2807
1944
2570
1978
2388
2678
2697
2214
2414
2047
2465
2544
2222
2673
2323
2607
2338
2440
2317
2520
2717
2310
2206
2258
2048
2572
2373
2034
2469
2886
2599
2702
2978
2432
2279
2371
2426
2294
2284
2175
2122
2327
2050
2483
2151
2017
2312
2210
2690
2006
2091
2233
2238
1961
1995
2326
2416
2195
2669
2494
2314
2533
2688
2280
2098
2468
2637
2159
2515
2160
2809
2526
2362
2430
2495
2522
2518
1886
2144
2408
2311
2793
2200
2588
2361
1962
2119
2173
2618
2574
2233
2708
2253
2114
2557
1732
2293
1970
1975
2352
2341
1980
2195
2225
2254
2259
2121
2382
1907
1944
3024
2588
2652
2407
2731
2483
2192
2083
2478
2174
2653
2334
2340
2639
2306
2458
2649
2085
2733
2035
2435
2737
2493
2076
2317
2530
2286
2394
2413
2681
2326
2946
2655
2656
2060
2378
2611
2107
2478
1943
2200
2293
1839
2057
2468
2322
2335
2414
2353
2260
2283
2206
2272
2328
2312
2775
2104
2298
2496
2600
2492
2188
2334
2759
2440
2088
1977
2473
2796
2557
2603
2324
2510
2175
2280
2493
2399
2550
2260
2906
2725
2707
2252
2677
2139
2512
2157
2390
2487
2116
2420
2106
2491
2602
1982
2606
2432
1952
2356
2221
2426
2256
2408
2682
2769
2326
2639
2218
2620
2442
2466
2260
2335
2332
2540
1905
2659
2240
2604
2636
2234
2631
2615
2754
2317
2575
2345
2697
2424
2054
2557
2571
1942
2491
2291
2397
2481
2704
2311
2863
2521
2771
2884
2342
2471
2471
2402
1954
2249
2413
2319
2452
2086
2208
2856
2209
2656
2559
2242
2410
2197
2453
2326
2306
2456
2646
2522
2692
2407
2389
2101
2901
2169
2423
2390
1950
2056
2104
2651
2355
2579
2537
2094
2424
2482
1957
2150
1728
2422
2398
1929
2445
2165
2425
1950
2710
2531
2950
2389
2357
2403
2304
2187
2340
2220
2123
2621
2342
2569
2470
2478
2372
2107
2263
2623
2500
2797
2203
2168
1947
2235
2258
2331
1802
2522
1940
2756
2554
2495
2597
2523
2370
2594
2056
2524
2171
2992
2461
2675
2125
1924
2679
2462
2334
2184
2229
2551
2277
2655
2435
2789
2496
2169
2273
2295
2238
2421
2412
2332
2178
2393
2256
2422
2456
2360
2519
2457
2389
2498
2339
1773
2416
2660
2098
2392
2389
2565
2668
2275
2502
2433
2621
2293
2838
2166
2764
2546
2063
1841
2265
2323
2548
2360
2195
1867
2108
2261
2473
2135
2184
2003
2093
2511
2571
2566
2353
2483
2834
2614
2536
2355
2154
2143
2189
2547
2006
2497
2260
2633
2569
2213
2419
2251
1939
2564
2421
2804
2293
2525
2111
2108
2276
2183
2212
2072
2477
2300
2481
2169
2575
2485
2616
2352
2284
2445
2235
2531
2177
2183
2200
2953
2694
2119
2947
2389
2359
2468
2621
2401
2898
2663
2380
2867
2564
2550
2121
2384
2677
2071
2615
2422
2663
2300
2200
2464
2689
2417
2047
1847
1845
2399
2376
1981
2272
2347
1890
2198
2760
2507
2387
2746
2712
2496
2707
2852
2573
2128
2146
2841
2381
2353
2015
2034
2171
2232
2026
2126
2233
2327
2105
2443
2112
1770
2563
2074
2075
2419
2101
2584
2569
2592
2370
2086
2498
1885
1990
2221
1932
2236
2219
2021
1860
2160
2085
2179
2379
2748
2288
2463
1994
2368
2465
2210
2366
2345
2723
2175
1981
2862
2869
2434
2325
2783
2512
2285
2357
2720
2428
2180
2083
2172
1928
2198
1909
2401
2358
2472
2242
2343
2259
2239
2774
2348
2031
2494
2540
2158
2307
2631
2610
2420
2557
2047
2622
2325
2730
2364
2271
2379
2431
2276
2080
2740
2407
2178
2195
2132
2490
2181
2248
2548
2224
2502
2394
2054
2358
2231
2152
2324
2275
2347
2419
2804
2951
2409
2636
2484
2197
2188
2751
2487
2554
2591
2534
2228
2569
2457
2172
2709
2670
2431
2393
2509
2361
2139
2210
1863
2454
2315
2237
2410
2313
2738
2537
2070
2515
2013
1833
2275
2236
2272
2208
2194
2377
2514
2367
2091
2338
2772
2304
2132
2810
2341
2400
2074
2385
2602
2165
2060
2074
2115
1969
2063
2109
2031
2615
2249
2341
2189
2314
2046
2044
2225
2129
2324
2319
1912
2267
2352
2202
1941
1845
2246
1911
1956
2536
2219
2668
2062
2497
2461
2679
2582
2166
2115
1993
2505
2393
2764
2228
2212
2225
2737
2044
2194
2273
2564
2413
2076
2089
2333
1957
2539
2297
2376
2301
2484
2881
2265
2389
2028
2683
2714
2750
2146
2555
2959
2313
2636
2558
2246
2632
2536
2303
2658
2408
2678
2364
2821
2414
2096
2538
2516
2183
2324
2386
2391
2409
2271
2170
2515
2345
1892
2338
2182
2321
2507
2013
2146
2419
2760
2444
2404
2396
2693
2435
2479
2348
2275
2182
2093
2143
2733
2152
2410
2348
2482
2763
2717
2400
2848
2177
2600
2271
2199
2095
2154
2397
2013
2170
1896
1866
2494
2177
2044
2602
2184
2223
2683
2601
2265
2560
2291
2037
2434
1864
2428
2261
2276
1990
1981
2034
2272
2333
2151
2011
2417
2297
1972
2017
2784
2664
2630
2871
2462
2511
2646
2853
2272
2071
2110
2223
2095
1888
2053
2644
2509
3218
2336
2516
2464
2631
2254
2734
2921
3050
2111
2583
2660
2540
3097
2529
2533
2492
2445
2828
2740
2370
2355
2010
2268
2642
2411
2252
2220
1996
2201
2590
2250
2484
2748
2377
2821
2519
2519
2315
2258
2019
2456
2484
2362
2272
2556
2470
2593
2662
2108
2137
1917
2132
2202
2218
2099
2355
2787
2375
2089
2504
2455
2653
2258
2114
2186
2688
2075
1686
1850
2156
2589
2351
2538
2322
2012
2691
2183
2596
2621
2541
2349
2438
2703
2643
2315
2817
2409
2342
2570
2239
2613
2421
2285
1943
3119
2929
2491
2263
2907
2473
2303
2660
2323
2657
2742
2782
2480
2639
2155
2440
1734
2468
2140
2382
2428
2398
2550
1991
2680
2426
2504
2246
2400
2409
2115
2889
2201
2307
2222
2669
1799
2312
2560
2323
2268
2174
2410
2603
2735
2396
2293
2594
2094
1850
2142
2172
2316
2038
2270
2352
1971
2406
2370
2232
2010
2266
2119
2431
2485
2617
2574
2847
2456
2584
2309
2621
2731
2634
2899
2230
2348
2330
1797
2932
2396
2148
2338
2331
2563
2286
2458
2241
2439
1851
2179
2866
2135
2559
2054
2035
2075
2646
2559
2182
2349
2360
2744
2291
2681
2898
2247
2453
2589
2866
2415
2891
2462
2652
2212
2614
2423
2000
2268
2381
2633
2527
2459
2519
2708
2264
2693
2435
2775
1946
2141
2151
2516
2151
2296
2491
2019
2008
2050
2582
2398
2132
2152
2266
2500
2289
2219
2393
2416
2345
2127
2096
2096
2383
2065
2339
2419
2541
2302
2403
2122
2607
1913
2636
2773
3038
2205
2364
2812
2334
2319
2500
2377
2133
2757
2527
2308
2584
1970
2290
2381
2366
2278
2022
2371
2013
2589
2404
2597
2475
2124
2482
2375
2311
2407
2164
2415
2598
2294
2255
2306
2166
2420
2532
2124
2619
2606
2043
2299
1701
2284
1919
2502
2149
2165
2827
2679
2323
2224
2086
2396
2181
2899
2480
2853
2622
2785
2368
2688
2318
2497
2238
2470
2397
2324
2437
2403
2675
2445
2765
2580
2767
2185
2291
1995
2501
2287
2623
2159
2484
2339
2230
2050
2389
2326
1997
2355
2574
2583
2071
2545
2437
2202
2439
2196
2568
2437
2285
2349
2013
2446
2618
2239
2429
2764
2690
2568
2152
2308
2528
2339
1872
2101
2118
1887
2386
2226
2436
2084
2405
2797
2232
2307
2194
2432
1828
2370
2083
2266
2515
2357
2668
2661
2601
2138
2084
2471
2111
2247
2241
2640
2402
1986
2090
1972
2171
2502
2386
2312
2828
2223
2016
2649
2201
2192
2592
2487
2148
2091
2183
2660
2914
2172
2613
2516
2413
2568
2404
2337
2580
2345
2188
2283
2494
2850
1928
2607
2609
2257
2024
2428
2790
2411
2715
2434
2872
2447
2959
2783
2341
2620
2361
2638
2357
2222
2166
2183
2350
2129
2446
2545
2596
2153
2403
2014
2306
2431
2744
2559
2547
2313
2745
2351
2500
2133
2094
2074
1855
2450
1979
2483
2016
2187
2380
3009
2219
2436
1846
2278
2192
2470
2724
2901
2718
3016
2526
2206
2752
2449
2527
2155
2137
2848
2382
2820
2188
2514
2368
2286
2410
2275
2219
2038
2296
2243
2533
2406
1750
2722
2636
2403
2251
2885
2076
2299
2057
2052
2086
1959
2578
1988
2288
1979
2305
1942
2263
1957
2320
2004
2190
2687
1886
2284
2030
2286
2195
1845
2415
2246
2301
2807
2233
2363
2171
2222
2098
1897
3066
2133
2078
2313
2100
2193
2021
1919
1980
2602
2405
2530
2055
2825
2060
2368
2359
2513
2323
2562
2717
2343
2392
2736
2661
2338
2619
2444
2864
2290
2578
2539
2192
2185
2197
2073
2415
2321
2717
2875
2458
2756
2920
2428
2666
2761
2815
2151
2308
2624
